0.137207
0.141602
0.14375
0.143801
0.146484
0.146973
0.148926
0.149414
0.152344
0.152344
0.152344
0.15332
0.15332
0.15332
0.154354
0.155114
0.15625
0.156738
0.157292
0.159668
0.159668
0.160156
0.160156
0.160645
0.161133
0.162109
0.162121
0.162598
0.162598
0.162598
0.164062
0.164062
0.166504
0.166504
0.166504
0.166992
0.166992
0.16748
0.169922
0.170886
0.170898
0.170898
0.170898
0.171387
0.171387
0.171387
0.172193
0.172363
0.172363
0.17334
0.17334
0.174316
0.174316
0.174805
0.175
0.175781
0.175781
0.175781
0.17627
0.17627
0.176758
0.176758
0.177246
0.177246
0.177246
0.177287
0.177671
0.177734
0.177743
0.178711
0.179199
0.179199
0.179688
0.179688
0.180176
0.180227
0.180664
0.181152
0.181152
0.18143
0.181641
0.181641
0.181641
0.182129
0.182129
0.182179
0.182617
0.182617
0.183105
0.183105
0.183594
0.183594
0.183864
0.184082
0.184082
0.184341
0.184352
0.185547
0.186035
0.186035
0.18668
0.187012
0.187012
0.187296
0.1875
0.187988
0.188228
0.188375
0.188477
0.188477
0.188477
0.189453
0.189453
0.189453
0.189941
0.189941
0.19007
0.190341
0.19043
0.19043
0.19043
0.191011
0.191406
0.191406
0.191406
0.191406
0.191406
0.191895
0.191895
0.192819
0.192871
0.192871
0.192871
0.192871
0.193359
0.193376
0.193493
0.193848
0.194336
0.194336
0.194824
0.194824
0.194824
0.194824
0.194897
0.194906
0.195312
0.195312
0.195312
0.195312
0.19532
0.195801
0.195801
0.196234
0.196289
0.196289
0.196289
0.196289
0.196777
0.196777
0.196777
0.197687
0.197754
0.197754
0.198242
0.198242
0.19873
0.19873
0.198881
0.19898
0.199219
0.199219
0.19939
0.199571
0.199707
0.200195
0.200195
0.200684
0.200684
0.200911
0.201172
0.201624
0.20166
0.20166
0.202128
0.202148
0.202637
0.202637
0.20298
0.203613
0.203613
0.203967
0.204102
0.204102
0.204102
0.204102
0.204102
0.20459
0.20459
0.20459
0.20459
0.204706
0.204935
0.205078
0.205078
0.205566
0.205566
0.205566
0.205566
0.205566
0.206009
0.206301
0.206471
0.206543
0.206543
0.206543
0.20679
0.207031
0.20752
0.207949
0.208008
0.208008
0.208223
0.208333
0.208458
0.208496
0.208622
0.208984
0.208984
0.208984
0.208987
0.208992
0.209473
0.209473
0.209473
0.209914
0.20992
0.209961
0.209961
0.209961
0.209961
0.209961
0.209961
0.209961
0.210221
0.210247
0.210449
0.210449
0.210938
0.210938
0.210938
0.210938
0.21119
0.211426
0.211426
0.211426
0.211426
0.21184
0.211914
0.211914
0.211914
0.211914
0.211921
0.212121
0.212259
0.212587
0.213789
0.213867
0.213867
0.213867
0.213867
0.213867
0.213867
0.213876
0.213966
0.21421
0.214355
0.214355
0.214362
0.214511
0.214844
0.214844
0.215081
0.215199
0.215285
0.215332
0.215508
0.215625
0.215666
0.21582
0.21582
0.215897
0.216309
0.216309
0.216309
0.216309
0.216433
0.216433
0.216797
0.217047
0.217285
0.217285
0.217773
0.217773
0.217773
0.21787
0.218262
0.218262
0.218262
0.218288
0.218372
0.218509
0.21859
0.21875
0.21875
0.218821
0.219072
0.219222
0.219238
0.219238
0.219588
0.219727
0.219727
0.219727
0.220215
0.220215
0.220215
0.220244
0.220443
0.220703
0.220703
0.220703
0.22107
0.221191
0.221191
0.221191
0.221445
0.22145
0.221485
0.221498
0.22168
0.22168
0.221778
0.221925
0.222056
0.222168
0.222168
0.222278
0.222676
0.222826
0.222939
0.223118
0.223145
0.223145
0.223145
0.223473
0.223633
0.223633
0.223776
0.22379
0.223825
0.224121
0.224159
0.22449
0.224609
0.224609
0.224609
0.224674
0.224975
0.225029
0.225098
0.225098
0.225098
0.225098
0.225098
0.225098
0.225098
0.225098
0.225098
0.225153
0.225324
0.225352
0.225586
0.225586
0.225586
0.22588
0.226074
0.226074
0.226074
0.226177
0.226331
0.226481
0.226562
0.226562
0.226562
0.226673
0.227051
0.227051
0.227505
0.227539
0.227539
0.227539
0.227539
0.227874
0.228004
0.228027
0.228095
0.228401
0.228438
0.228448
0.228516
0.228516
0.228516
0.228516
0.229004
0.229004
0.229004
0.229004
0.229012
0.229435
0.229492
0.229492
0.229492
0.229492
0.229689
0.229938
0.22998
0.22998
0.230186
0.230422
0.230469
0.230469
0.230469
0.230469
0.230546
0.230634
0.230722
0.230957
0.230957
0.230957
0.230957
0.231275
0.23141
0.231445
0.231445
0.231445
0.231522
0.231791
0.231809
0.231934
0.231934
0.231934
0.231934
0.232422
0.232422
0.232523
0.23291
0.23291
0.23291
0.232936
0.233122
0.233233
0.233398
0.233398
0.233398
0.23365
0.233774
0.233887
0.233887
0.233887
0.233933
0.234139
0.23416
0.234177
0.234375
0.234375
0.234375
0.234375
0.234863
0.234863
0.234863
0.235352
0.235352
0.235352
0.235352
0.23584
0.23584
0.236148
0.236207
0.236328
0.236328
0.236328
0.236328
0.236364
0.236385
0.236559
0.236695
0.236816
0.236816
0.237095
0.237297
0.237305
0.237305
0.237305
0.237305
0.237374
0.237645
0.237673
0.237793
0.238251
0.238263
0.238281
0.238516
0.238604
0.238754
0.23877
0.23877
0.23877
0.23877
0.23877
0.23877
0.23877
0.23877
0.23877
0.239258
0.239258
0.239351
0.23955
0.239675
0.239746
0.239746
0.239775
0.240086
0.240102
0.240234
0.240234
0.240588
0.240642
0.240723
0.240723
0.240723
0.240723
0.240723
0.240723
0.240909
0.241099
0.241126
0.241211
0.241237
0.241398
0.241484
0.241585
0.241607
0.241617
0.242042
0.242111
0.242188
0.242188
0.242188
0.242229
0.24247
0.242569
0.242676
0.242676
0.242741
0.242765
0.242815
0.242829
0.242931
0.242931
0.243143
0.243182
0.243189
0.243213
0.24355
0.24359
0.243652
0.243758
0.243827
0.244141
0.244141
0.244629
0.244629
0.244629
0.244887
0.245117
0.245117
0.245117
0.245117
0.245117
0.245117
0.245445
0.245592
0.245605
0.245605
0.245605
0.245746
0.245775
0.246024
0.246094
0.246094
0.246094
0.246358
0.246582
0.246582
0.246582
0.246582
0.246842
0.24707
0.24707
0.24707
0.247236
0.247559
0.247559
0.247559
0.247559
0.247559
0.247716
0.247779
0.248047
0.248047
0.248248
0.248535
0.248634
0.24866
0.248975
0.249023
0.249023
0.249162
0.249313
0.249512
0.249512
0.249512
0.249512
0.249512
0.249651
0.249714
0.25025
0.250266
0.250285
0.250488
0.250488
0.250521
0.250573
0.250643
0.250799
0.250977
0.250977
0.250977
0.250977
0.250977
0.250977
0.251152
0.251259
0.251323
0.251397
0.251455
0.251465
0.251465
0.251465
0.251465
0.251491
0.25186
0.251953
0.251953
0.251953
0.251953
0.25202
0.252033
0.252132
0.252208
0.252441
0.252441
0.252441
0.252441
0.252441
0.252625
0.2527
0.252736
0.25293
0.25293
0.25293
0.25293
0.25293
0.252994
0.253366
0.253399
0.253418
0.253418
0.253507
0.253739
0.253761
0.253906
0.253906
0.253923
0.254395
0.254395
0.254438
0.254525
0.254755
0.254832
0.254883
0.254883
0.254883
0.254975
0.255139
0.255371
0.255371
0.255371
0.255371
0.255371
0.255371
0.255392
0.255413
0.255435
0.255543
0.255608
0.255767
0.255859
0.255859
0.255859
0.255859
0.255859
0.256244
0.256291
0.256348
0.256348
0.256348
0.256348
0.256348
0.256348
0.25641
0.256455
0.256757
0.256836
0.256836
0.256836
0.256842
0.257157
0.257257
0.257324
0.257324
0.257471
0.257556
0.257592
0.257804
0.257812
0.257812
0.257812
0.257812
0.257812
0.25782
0.257919
0.258301
0.258301
0.258301
0.258301
0.258301
0.258351
0.258584
0.258789
0.258789
0.258789
0.258789
0.258837
0.25907
0.259073
0.259259
0.259277
0.259277
0.259277
0.259456
0.259538
0.259569
0.259605
0.259629
0.259766
0.259766
0.259862
0.26021
0.260234
0.260254
0.260254
0.260254
0.260339
0.260541
0.260718
0.260742
0.260742
0.260742
0.261099
0.261194
0.26123
0.26123
0.26123
0.26123
0.26123
0.261424
0.261719
0.261719
0.261719
0.261719
0.261856
0.261972
0.261979
0.262207
0.262366
0.26246
0.262605
0.262695
0.262695
0.262695
0.262812
0.262857
0.263184
0.263184
0.263527
0.263648
0.263654
0.263672
0.263672
0.263672
0.263736
0.263767
0.263889
0.264039
0.264106
0.26416
0.26416
0.26416
0.26416
0.26416
0.264331
0.264472
0.264648
0.264648
0.264648
0.264648
0.264675
0.26506
0.265073
0.265137
0.265137
0.265137
0.265144
0.265152
0.265196
0.265337
0.265408
0.265469
0.26551
0.265625
0.265625
0.265657
0.265936
0.266055
0.266113
0.266113
0.266113
0.266212
0.266345
0.266402
0.266602
0.266602
0.266628
0.266702
0.266702
0.266777
0.26678
0.267058
0.26709
0.26709
0.26709
0.26709
0.267101
0.267241
0.267391
0.267396
0.267442
0.267544
0.267578
0.267717
0.2678
0.268066
0.268066
0.268066
0.268066
0.268123
0.268262
0.268555
0.268555
0.268555
0.268555
0.268555
0.268892
0.269025
0.269025
0.269043
0.269269
0.269531
0.269531
0.269531
0.269531
0.269663
0.269921
0.269956
0.27002
0.27002
0.27002
0.27002
0.27002
0.27002
0.270069
0.270459
0.270508
0.270508
0.270861
0.271109
0.271141
0.27115
0.271484
0.271484
0.271484
0.271484
0.271565
0.271649
0.271728
0.271762
0.271845
0.271973
0.271973
0.271973
0.272095
0.272461
0.272461
0.272461
0.272461
0.272461
0.272727
0.272827
0.272949
0.272949
0.272949
0.272949
0.272952
0.273184
0.273327
0.273438
0.273438
0.273438
0.273605
0.273926
0.273926
0.273939
0.274008
0.274298
0.274359
0.274414
0.274824
0.274851
0.274874
0.274902
0.274902
0.274902
0.275244
0.275352
0.275354
0.275378
0.275391
0.275391
0.275391
0.275391
0.275711
0.275803
0.275823
0.275841
0.275879
0.275879
0.275879
0.275879
0.275879
0.275879
0.275991
0.276029
0.276052
0.276195
0.276367
0.276367
0.276374
0.276606
0.276786
0.276855
0.276855
0.276855
0.276855
0.276855
0.27695
0.277027
0.27707
0.277149
0.277166
0.277344
0.277344
0.277344
0.277344
0.277654
0.277832
0.277832
0.277832
0.277832
0.277832
0.278002
0.278056
0.278093
0.27832
0.27832
0.27832
0.27832
0.27832
0.27832
0.27832
0.27832
0.278409
0.278626
0.278671
0.278779
0.278809
0.278816
0.279297
0.279297
0.279297
0.279297
0.279297
0.279297
0.279348
0.279441
0.279644
0.279785
0.279785
0.279894
0.279895
0.27993
0.280164
0.280273
0.280273
0.280273
0.28039
0.280447
0.280488
0.280561
0.280762
0.280762
0.280762
0.280762
0.280762
0.280769
0.280785
0.280933
0.280982
0.281084
0.28125
0.28125
0.28125
0.28125
0.28125
0.281374
0.281481
0.281491
0.281564
0.281673
0.281738
0.281947
0.282178
0.282212
0.282227
0.282227
0.28255
0.282635
0.282715
0.282715
0.282742
0.282764
0.282895
0.283103
0.283203
0.283203
0.283484
0.283505
0.283567
0.283691
0.283691
0.283691
0.283691
0.283764
0.2838
0.283996
0.284045
0.28418
0.28418
0.284343
0.284512
0.284668
0.284668
0.284668
0.284831
0.28499
0.285081
0.285156
0.285156
0.285156
0.285645
0.285645
0.285645
0.285645
0.285645
0.285798
0.28582
0.285998
0.286067
0.286096
0.286099
0.286133
0.286133
0.286133
0.286227
0.28626
0.286564
0.286621
0.286621
0.286621
0.286621
0.28685
0.287084
0.287109
0.287109
0.287109
0.287109
0.287109
0.287456
0.287462
0.287578
0.287598
0.287598
0.28764
0.287741
0.287894
0.288043
0.288051
0.288055
0.288086
0.288086
0.28809
0.288396
0.288574
0.288574
0.288574
0.288574
0.288574
0.288918
0.288932
0.289062
0.289062
0.289062
0.289062
0.289062
0.289062
0.289421
0.289474
0.289527
0.289551
0.289551
0.289551
0.289551
0.289655
0.290039
0.290039
0.290039
0.290039
0.290039
0.290039
0.290039
0.290117
0.29021
0.290323
0.290456
0.290456
0.290493
0.290527
0.290527
0.290568
0.290598
0.290616
0.290873
0.291016
0.291016
0.291016
0.291016
0.291016
0.291016
0.291016
0.291016
0.291016
0.291379
0.291394
0.291417
0.291444
0.291455
0.291487
0.291504
0.291504
0.291504
0.291504
0.291711
0.291711
0.291752
0.291792
0.291987
0.291992
0.291992
0.291992
0.291996
0.292247
0.292268
0.292323
0.292339
0.292339
0.292369
0.29248
0.292707
0.292717
0.292788
0.292797
0.292812
0.292952
0.292969
0.292969
0.293103
0.293318
0.293446
0.293457
0.293457
0.293457
0.293457
0.293457
0.293466
0.293945
0.293945
0.294014
0.294118
0.294245
0.294438
0.294783
0.294807
0.294854
0.294922
0.294922
0.294922
0.294922
0.294972
0.295199
0.295272
0.29541
0.29541
0.29541
0.295648
0.295687
0.295796
0.295898
0.295898
0.295898
0.296026
0.296053
0.296387
0.296387
0.296387
0.296387
0.296394
0.296548
0.296875
0.296875
0.296875
0.296926
0.29696
0.297001
0.297118
0.297235
0.29724
0.297363
0.297363
0.297363
0.297431
0.297549
0.297583
0.297798
0.297852
0.297852
0.297852
0.297852
0.297852
0.297852
0.298246
0.29834
0.29837
0.29859
0.298773
0.298828
0.299098
0.299114
0.299316
0.299316
0.299316
0.299316
0.299398
0.299805
0.3
0.300293
0.300293
0.300293
0.300293
0.300345
0.300403
0.300505
0.300728
0.300768
0.300781
0.300781
0.300781
0.300781
0.300781
0.300781
0.300801
0.300921
0.301075
0.301758
0.301797
0.301847
0.302057
0.302115
0.302246
0.302436
0.302527
0.302649
0.302713
0.302734
0.302734
0.302734
0.302734
0.30305
0.303063
0.303223
0.303223
0.303401
0.303427
0.303462
0.303695
0.303711
0.303711
0.303711
0.303711
0.303711
0.303711
0.303711
0.303711
0.303758
0.303789
0.303862
0.304153
0.304199
0.304199
0.304199
0.304199
0.304199
0.304199
0.304199
0.304348
0.304348
0.304392
0.304577
0.304688
0.304688
0.304688
0.304688
0.304688
0.304688
0.304688
0.304948
0.305128
0.305128
0.305136
0.305176
0.305176
0.305176
0.30521
0.305389
0.305664
0.305664
0.305664
0.305664
0.305664
0.305703
0.305825
0.306152
0.306152
0.306152
0.306349
0.306352
0.306434
0.30663
0.306641
0.306641
0.306641
0.306704
0.306818
0.307129
0.30726
0.30742
0.30749
0.307617
0.307617
0.307895
0.308105
0.308105
0.308105
0.308105
0.308411
0.308556
0.308594
0.308594
0.308594
0.308629
0.308661
0.308806
0.309053
0.309082
0.309082
0.309082
0.309082
0.309082
0.309082
0.309126
0.309164
0.309173
0.30957
0.30957
0.30957
0.30957
0.30957
0.30957
0.30957
0.309596
0.309766
0.309771
0.310059
0.310059
0.310059
0.310059
0.310059
0.310059
0.310059
0.310059
0.310059
0.310059
0.310059
0.310307
0.310464
0.310547
0.310547
0.310547
0.310606
0.310606
0.310782
0.310859
0.311035
0.311035
0.311035
0.311035
0.311133
0.311135
0.311156
0.311193
0.311292
0.311302
0.311311
0.311371
0.311523
0.311523
0.311523
0.311669
0.311682
0.311682
0.311908
0.311945
0.312012
0.312012
0.312212
0.312428
0.3125
0.31269
0.312823
0.312849
0.312932
0.312988
0.312988
0.312988
0.312988
0.312988
0.313369
0.313477
0.313477
0.313477
0.313484
0.313496
0.31394
0.313965
0.313965
0.313965
0.314059
0.314213
0.314223
0.314329
0.314413
0.314453
0.314453
0.314941
0.314941
0.314978
0.315315
0.315361
0.31543
0.31543
0.31543
0.315606
0.315895
0.315918
0.315918
0.31592
0.316099
0.316406
0.316406
0.316532
0.316543
0.316578
0.316633
0.316803
0.317049
0.317356
0.317383
0.317383
0.317472
0.317603
0.317633
0.317635
0.317669
0.317821
0.317891
0.318043
0.318125
0.318359
0.318687
0.318848
0.318848
0.319071
0.319192
0.31929
0.319336
0.319336
0.319336
0.319348
0.31939
0.319577
0.319672
0.319824
0.319824
0.319824
0.319845
0.319908
0.320312
0.320312
0.320312
0.320312
0.320359
0.320377
0.320652
0.320682
0.320801
0.320801
0.32111
0.321206
0.321274
0.321289
0.321289
0.321289
0.321289
0.321337
0.321777
0.321777
0.321777
0.321777
0.322079
0.322183
0.322187
0.322256
0.322266
0.322266
0.322601
0.322695
0.322754
0.322754
0.322754
0.322754
0.322754
0.322754
0.322754
0.322961
0.322969
0.323242
0.323242
0.323242
0.323312
0.32336
0.323679
0.323711
0.32373
0.32383
0.324103
0.324219
0.324463
0.32449
0.324496
0.324511
0.324695
0.324707
0.324707
0.32489
0.325
0.325051
0.325684
0.325684
0.325684
0.326138
0.326389
0.326497
0.32666
0.32666
0.32666
0.32666
0.327011
0.327044
0.327179
0.327236
0.327293
0.327465
0.32747
0.327637
0.327637
0.327706
0.328125
0.328125
0.32816
0.328321
0.328613
0.328613
0.328633
0.328715
0.32879
0.328905
0.329012
0.329102
0.329102
0.329268
0.329641
0.329809
0.330201
0.330217
0.330477
0.330508
0.330518
0.330566
0.331055
0.331055
0.331055
0.331055
0.331375
0.331492
0.331705
0.331989
0.332031
0.332031
0.332031
0.332323
0.332482
0.332495
0.332512
0.332738
0.332873
0.33298
0.333008
0.333008
0.333008
0.333333
0.333496
0.333503
0.333564
0.333845
0.333984
0.333984
0.333984
0.334012
0.334068
0.334161
0.334168
0.33423
0.334365
0.334412
0.334473
0.334473
0.334564
0.334847
0.334961
0.335025
0.335041
0.335069
0.33589
0.336207
0.336207
0.336426
0.336426
0.336426
0.336426
0.336724
0.336914
0.336914
0.336957
0.337017
0.337049
0.337184
0.337402
0.337402
0.337402
0.337402
0.337525
0.337803
0.337865
0.337998
0.338379
0.338399
0.338419
0.338692
0.338762
0.338773
0.338867
0.338867
0.338867
0.339017
0.339092
0.339249
0.339355
0.339355
0.339412
0.339532
0.339535
0.339648
0.33971
0.339785
0.339844
0.339844
0.340595
0.340614
0.34082
0.340954
0.340962
0.340962
0.34109
0.341141
0.341309
0.341309
0.341309
0.341309
0.341414
0.341772
0.341797
0.341797
0.341797
0.341951
0.342169
0.342285
0.342285
0.3423
0.342404
0.342637
0.342773
0.342773
0.342949
0.343262
0.343262
0.343262
0.343262
0.343299
0.343527
0.34375
0.343816
0.343968
0.344037
0.344238
0.344291
0.344356
0.344495
0.344727
0.344758
0.344845
0.344877
0.345178
0.345215
0.345215
0.345215
0.345215
0.345215
0.345703
0.346026
0.346191
0.346191
0.346191
0.346237
0.346561
0.34668
0.346731
0.346743
0.346989
0.347074
0.347085
0.347159
0.347168
0.347168
0.347168
0.347168
0.347561
0.347656
0.347656
0.347665
0.34778
0.348633
0.348633
0.348758
0.348786
0.348896
0.349224
0.349246
0.349385
0.349462
0.349609
0.349609
0.349609
0.349609
0.349609
0.349802
0.35035
0.350385
0.35051
0.350575
0.350586
0.351074
0.351554
0.351562
0.351665
0.351738
0.351795
0.351914
0.351931
0.352051
0.352051
0.352151
0.352185
0.352425
0.352539
0.352539
0.352539
0.352941
0.353027
0.353027
0.353516
0.353516
0.353525
0.353575
0.353591
0.353968
0.354212
0.354235
0.354492
0.354492
0.354701
0.354782
0.354954
0.35498
0.35498
0.35498
0.355469
0.355507
0.355727
0.355924
0.355957
0.355957
0.355992
0.356086
0.356086
0.356157
0.356322
0.356614
0.356635
0.356684
0.356918
0.356923
0.356934
0.357143
0.357422
0.357422
0.35791
0.35791
0.358087
0.358398
0.358887
0.358887
0.358887
0.358906
0.359031
0.3591
0.359375
0.359375
0.359392
0.359484
0.359848
0.359863
0.359863
0.359863
0.360153
0.360352
0.360674
0.36084
0.361021
0.361166
0.36128
0.361328
0.361816
0.361816
0.362069
0.362231
0.362269
0.362305
0.362342
0.362793
0.363214
0.36326
0.363281
0.363281
0.363281
0.363281
0.363728
0.36375
0.363787
0.36388
0.364035
0.364212
0.364258
0.364258
0.364258
0.364258
0.364688
0.364729
0.364746
0.365191
0.365234
0.365234
0.365288
0.36553
0.366469
0.366667
0.36686
0.366887
0.367188
0.367188
0.367188
0.367188
0.367196
0.367196
0.367965
0.368056
0.368251
0.368652
0.368786
0.368869
0.368902
0.369141
0.369629
0.370013
0.37002
0.370202
0.370605
0.370605
0.370851
0.371094
0.371094
0.371445
0.371965
0.372012
0.37207
0.37207
0.37207
0.372559
0.372559
0.372559
0.372559
0.372559
0.372854
0.373047
0.373535
0.373535
0.374023
0.374023
0.374309
0.374452
0.374512
0.374512
0.374731
0.374746
0.375
0.375
0.375255
0.375272
0.375488
0.37581
0.37583
0.375977
0.375977
0.375977
0.376025
0.376465
0.376494
0.376645
0.376775
0.376997
0.377166
0.377441
0.378418
0.378906
0.379365
0.379395
0.379682
0.379733
0.379814
0.379883
0.38007
0.380074
0.38013
0.380231
0.380303
0.380371
0.380371
0.380371
0.380859
0.380859
0.381226
0.381346
0.381606
0.381607
0.381836
0.382324
0.382387
0.382411
0.382803
0.383301
0.383789
0.383792
0.384222
0.384277
0.384462
0.384766
0.384766
0.38479
0.385039
0.385081
0.385185
0.385196
0.385254
0.385281
0.385742
0.385742
0.385772
0.386158
0.38623
0.386536
0.387207
0.387207
0.387339
0.387339
0.387665
0.387846
0.387984
0.388158
0.388298
0.388514
0.388672
0.388672
0.38916
0.389648
0.389813
0.390193
0.390447
0.390625
0.390625
0.390625
0.391053
0.391156
0.391329
0.391379
0.391602
0.391667
0.391742
0.39209
0.392283
0.392578
0.392578
0.392578
0.392704
0.392773
0.392785
0.392857
0.393089
0.39324
0.393555
0.393646
0.393655
0.394125
0.394137
0.394251
0.394325
0.394531
0.394531
0.394737
0.394814
0.395303
0.395996
0.396414
0.396973
0.397461
0.397461
0.397949
0.39858
0.398882
0.398926
0.398926
0.398942
0.399189
0.399414
0.399471
0.399902
0.399902
0.400215
0.400391
0.401003
0.401493
0.402344
0.402412
0.402832
0.402832
0.403259
0.40332
0.403543
0.403704
0.40403
0.404297
0.404297
0.406176
0.406738
0.406738
0.407227
0.407245
0.407715
0.407725
0.410156
0.410645
0.410824
0.411348
0.411621
0.411621
0.411621
0.412043
0.412598
0.4129
0.413086
0.414591
0.41501
0.415022
0.415046
0.415773
0.416016
0.416992
0.416993
0.417255
0.417343
0.41748
0.417505
0.417969
0.418991
0.419302
0.419375
0.42058
0.420898
0.421021
0.422294
0.422363
0.422363
0.422697
0.422802
0.422852
0.42334
0.42334
0.424057
0.424316
0.424649
0.424686
0.425253
0.425579
0.425813
0.42627
0.426295
0.4268
0.427246
0.427246
0.427246
0.42732
0.427568
0.428223
0.42849
0.430794
0.431152
0.432617
0.433259
0.433778
0.436035
0.436428
0.437012
0.438947
0.43943
0.439453
0.44043
0.440541
0.440789
0.440949
0.440959
0.441406
0.4425
0.443359
0.444384
0.444824
0.444824
0.446254
0.44873
0.449561
0.449707
0.45104
0.452454
0.454102
0.456216
0.457746
0.464355
0.47168
0.474609
0.475098
0.476562
