001|002|0.45594
001|003|0.47093
001|004|0.48222
001|005|0.46733
001|006|0.45292
001|007|0.46512
001|008|0.44987
001|009|0.47061
001|010|0.47755
001|011|0.46974
001|012|0.47752
001|013|0.45447
001|014|0.48139
001|015|0.47673
001|016|0.46526
001|017|0.45551
001|018|0.43441
001|019|0.47258
001|020|0.46823
001|021|0.45684
001|022|0.47892
001|023|0.4729
001|024|0.46984
001|025|0.4618
001|026|0.45578
001|027|0.46265
001|028|0.49516
001|029|0.45841
001|030|0.47413
001|031|0.46798
001|032|0.47942
001|033|0.49489
001|034|0.47068
001|035|0.46163
001|036|0.48235
001|037|0.47112
001|038|0.44577
001|039|0.4623
001|040|0.44664
001|041|0.46987
001|042|0.46716
001|043|0.46339
001|044|0.45969
001|045|0.47129
001|046|0.47431
001|047|0.48137
001|048|0.46006
001|049|0.47448
001|050|0.45887
001|051|0.46421
001|052|0.47113
001|053|0.46928
001|054|0.47039
001|055|0.48386
001|056|0.45819
001|057|0.48147
001|058|0.47506
001|059|0.47205
001|060|0.467
001|061|0.46796
001|062|0.46755
001|063|0.45881
001|064|0.48244
001|065|0.46341
001|066|0.47623
001|067|0.40972
001|068|0.45826
001|069|0.45809
001|070|0.44329
001|071|0.4701
001|072|0.46686
001|073|0.48687
001|074|0.49131
001|075|0.48772
001|076|0.4528
001|077|0.4751
001|078|0.48933
001|079|0.46411
001|080|0.46398
001|081|0.46856
001|082|0.475
001|083|0.47548
001|084|0.46632
001|085|0.47728
001|086|0.46124
001|087|0.49608
001|088|0.50015
001|089|0.45935
001|090|0.46963
001|091|0.46425
001|092|0.4574
001|093|0.46145
001|094|0.46749
001|095|0.45721
001|096|0.48673
001|097|0.45444
001|098|0.45812
001|099|0.46642
001|100|0.48165
001|101|0.46218
001|102|0.47613
001|103|0.4596
001|104|0.46949
001|105|0.46976
001|106|0.45933
001|107|0.46037
001|108|0.46259
002|003|0.47368
002|004|0.48335
002|005|0.47077
002|006|0.44874
002|007|0.47061
002|008|0.46442
002|009|0.47598
002|010|0.45636
002|011|0.43916
002|012|0.48743
002|013|0.48038
002|014|0.48432
002|015|0.4645
002|016|0.46349
002|017|0.46738
002|018|0.46473
002|019|0.4225
002|020|0.46736
002|021|0.48195
002|022|0.44621
002|023|0.44734
002|024|0.48009
002|025|0.46422
002|026|0.48118
002|027|0.48396
002|028|0.48405
002|029|0.46987
002|030|0.48398
002|031|0.49021
002|032|0.45652
002|033|0.4748
002|034|0.46224
002|035|0.4641
002|036|0.45691
002|037|0.42744
002|038|0.47747
002|039|0.46093
002|040|0.48563
002|041|0.46756
002|042|0.4637
002|043|0.45146
002|044|0.48289
002|045|0.45228
002|046|0.47719
002|047|0.47281
002|048|0.44773
002|049|0.47502
002|050|0.48079
002|051|0.46627
002|052|0.48907
002|053|0.48397
002|054|0.47828
002|055|0.47573
002|056|0.45742
002|057|0.46881
002|058|0.46118
002|059|0.45604
002|060|0.47454
002|061|0.45404
002|062|0.47973
002|063|0.48024
002|064|0.48052
002|065|0.45462
002|066|0.47568
002|067|0.46443
002|068|0.48385
002|069|0.47802
002|070|0.46552
002|071|0.47495
002|072|0.47284
002|073|0.46604
002|074|0.47035
002|075|0.47895
002|076|0.49376
002|077|0.46658
002|078|0.47574
002|079|0.46814
002|080|0.46339
002|081|0.45324
002|082|0.44845
002|083|0.47335
002|084|0.47644
002|085|0.45114
002|086|0.4825
002|087|0.48125
002|088|0.4881
002|089|0.44234
002|090|0.46593
002|091|0.47711
002|092|0.47329
002|093|0.44045
002|094|0.4723
002|095|0.47294
002|096|0.48787
002|097|0.50296
002|098|0.44605
002|099|0.43473
002|100|0.44637
002|101|0.45331
002|102|0.46664
002|103|0.45308
002|104|0.46205
002|105|0.47442
002|106|0.44779
002|107|0.47316
002|108|0.48881
003|004|0.47839
003|005|0.47068
003|006|0.44845
003|007|0.45825
003|008|0.47986
003|009|0.48678
003|010|0.449
003|011|0.47003
003|012|0.48325
003|013|0.48838
003|014|0.48058
003|015|0.45015
003|016|0.48407
003|017|0.47976
003|018|0.48492
003|019|0.46687
003|020|0.47273
003|021|0.4642
003|022|0.49929
003|023|0.47368
003|024|0.46899
003|025|0.45861
003|026|0.46887
003|027|0.47524
003|028|0.48186
003|029|0.48053
003|030|0.45926
003|031|0.48071
003|032|0.46773
003|033|0.47758
003|034|0.48231
003|035|0.44539
003|036|0.50178
003|037|0.46927
003|038|0.4583
003|039|0.46843
003|040|0.4641
003|041|0.47977
003|042|0.4815
003|043|0.4659
003|044|0.46687
003|045|0.46122
003|046|0.48232
003|047|0.48163
003|048|0.47187
003|049|0.46755
003|050|0.46225
003|051|0.47584
003|052|0.48267
003|053|0.4795
003|054|0.47114
003|055|0.4553
003|056|0.47484
003|057|0.48287
003|058|0.48035
003|059|0.46787
003|060|0.47349
003|061|0.47254
003|062|0.48193
003|063|0.46741
003|064|0.48284
003|065|0.46834
003|066|0.46671
003|067|0.43499
003|068|0.46978
003|069|0.472
003|070|0.46513
003|071|0.46201
003|072|0.46752
003|073|0.47576
003|074|0.48109
003|075|0.44723
003|076|0.4623
003|077|0.45423
003|078|0.47299
003|079|0.46328
003|080|0.47419
003|081|0.45826
003|082|0.46176
003|083|0.48614
003|084|0.45761
003|085|0.48536
003|086|0.48382
003|087|0.49593
003|088|0.4895
003|089|0.47165
003|090|0.50016
003|091|0.4661
003|092|0.47441
003|093|0.49716
003|094|0.45813
003|095|0.47615
003|096|0.47925
003|097|0.49774
003|098|0.45896
003|099|0.47733
003|100|0.46766
003|101|0.44369
003|102|0.4752
003|103|0.45488
003|104|0.47755
003|105|0.48429
003|106|0.47779
003|107|0.47434
003|108|0.47161
004|005|0.46472
004|006|0.46331
004|007|0.47788
004|008|0.47044
004|009|0.46778
004|010|0.46116
004|011|0.46672
004|012|0.44758
004|013|0.41316
004|014|0.46371
004|015|0.46179
004|016|0.47288
004|017|0.45947
004|018|0.47728
004|019|0.44931
004|020|0.4778
004|021|0.47465
004|022|0.4593
004|023|0.46758
004|024|0.4775
004|025|0.49806
004|026|0.47529
004|027|0.47095
004|028|0.47904
004|029|0.48406
004|030|0.46823
004|031|0.44825
004|032|0.46288
004|033|0.46581
004|034|0.41958
004|035|0.43809
004|036|0.46513
004|037|0.47449
004|038|0.46924
004|039|0.4659
004|040|0.47736
004|041|0.40139
004|042|0.46437
004|043|0.45512
004|044|0.48655
004|045|0.45131
004|046|0.45472
004|047|0.45778
004|048|0.45222
004|049|0.44764
004|050|0.45567
004|051|0.46942
004|052|0.49188
004|053|0.44332
004|054|0.4547
004|055|0.47425
004|056|0.49637
004|057|0.48883
004|058|0.4746
004|059|0.46071
004|060|0.44809
004|061|0.48563
004|062|0.47087
004|063|0.46348
004|064|0.45222
004|065|0.45673
004|066|0.44413
004|067|0.45501
004|068|0.45507
004|069|0.43066
004|070|0.46778
004|071|0.48731
004|072|0.44743
004|073|0.44301
004|074|0.452
004|075|0.49382
004|076|0.4498
004|077|0.4711
004|078|0.48571
004|079|0.47673
004|080|0.48818
004|081|0.46812
004|082|0.44073
004|083|0.4609
004|084|0.46739
004|085|0.44896
004|086|0.42699
004|087|0.45992
004|088|0.45998
004|089|0.48147
004|090|0.46899
004|091|0.41987
004|092|0.48353
004|093|0.46512
004|094|0.44659
004|095|0.49726
004|096|0.44943
004|097|0.45995
004|098|0.47479
004|099|0.45317
004|100|0.4651
004|101|0.44547
004|102|0.46155
004|103|0.48204
004|104|0.46788
004|105|0.46736
004|106|0.44251
004|107|0.45718
004|108|0.46508
005|006|0.47106
005|007|0.45817
005|008|0.47772
005|009|0.47168
005|010|0.4862
005|011|0.47656
005|012|0.45439
005|013|0.47459
005|014|0.48247
005|015|0.449
005|016|0.47248
005|017|0.47262
005|018|0.47226
005|019|0.48603
005|020|0.44935
005|021|0.47289
005|022|0.4918
005|023|0.46674
005|024|0.47723
005|025|0.48016
005|026|0.47261
005|027|0.46986
005|028|0.49398
005|029|0.48633
005|030|0.46993
005|031|0.49152
005|032|0.48171
005|033|0.48537
005|034|0.46695
005|035|0.46739
005|036|0.47996
005|037|0.46565
005|038|0.46529
005|039|0.47958
005|040|0.49637
005|041|0.44564
005|042|0.47505
005|043|0.46598
005|044|0.48726
005|045|0.47633
005|046|0.47685
005|047|0.48477
005|048|0.47947
005|049|0.48242
005|050|0.4943
005|051|0.4812
005|052|0.48135
005|053|0.46838
005|054|0.486
005|055|0.47573
005|056|0.46642
005|057|0.46613
005|058|0.4512
005|059|0.47101
005|060|0.48022
005|061|0.48594
005|062|0.4777
005|063|0.47467
005|064|0.47657
005|065|0.46179
005|066|0.4772
005|067|0.47124
005|068|0.48383
005|069|0.47268
005|070|0.47232
005|071|0.48092
005|072|0.47058
005|073|0.4906
005|074|0.47512
005|075|0.46216
005|076|0.46064
005|077|0.45874
005|078|0.46635
005|079|0.46918
005|080|0.45198
005|081|0.4683
005|082|0.46994
005|083|0.47697
005|084|0.47275
005|085|0.48454
005|086|0.48932
005|087|0.44918
005|088|0.48431
005|089|0.45045
005|090|0.46705
005|091|0.47211
005|092|0.47199
005|093|0.48692
005|094|0.44932
005|095|0.47614
005|096|0.49375
005|097|0.48149
005|098|0.47266
005|099|0.46422
005|100|0.48541
005|101|0.48468
005|102|0.45835
005|103|0.48945
005|104|0.47714
005|105|0.45674
005|106|0.48138
005|107|0.48641
005|108|0.46857
006|007|0.46419
006|008|0.4697
006|009|0.47709
006|010|0.46735
006|011|0.46319
006|012|0.49362
006|013|0.48396
006|014|0.46908
006|015|0.4262
006|016|0.47462
006|017|0.48208
006|018|0.48397
006|019|0.4713
006|020|0.47876
006|021|0.45615
006|022|0.46688
006|023|0.46085
006|024|0.4797
006|025|0.48919
006|026|0.48762
006|027|0.4825
006|028|0.46834
006|029|0.46957
006|030|0.49333
006|031|0.47384
006|032|0.46579
006|033|0.46405
006|034|0.48498
006|035|0.45774
006|036|0.48916
006|037|0.46929
006|038|0.46244
006|039|0.47163
006|040|0.45153
006|041|0.43417
006|042|0.44759
006|043|0.44245
006|044|0.46798
006|045|0.45321
006|046|0.47251
006|047|0.48823
006|048|0.44437
006|049|0.46098
006|050|0.46573
006|051|0.45202
006|052|0.49515
006|053|0.47009
006|054|0.44226
006|055|0.47577
006|056|0.47812
006|057|0.47762
006|058|0.46992
006|059|0.45286
006|060|0.49313
006|061|0.4941
006|062|0.45553
006|063|0.45854
006|064|0.45746
006|065|0.46025
006|066|0.4449
006|067|0.48937
006|068|0.45369
006|069|0.45679
006|070|0.47433
006|071|0.47482
006|072|0.46614
006|073|0.45791
006|074|0.44955
006|075|0.45877
006|076|0.47788
006|077|0.47201
006|078|0.46525
006|079|0.46719
006|080|0.47656
006|081|0.45846
006|082|0.47744
006|083|0.49985
006|084|0.47679
006|085|0.48477
006|086|0.45259
006|087|0.49397
006|088|0.47045
006|089|0.42164
006|090|0.50583
006|091|0.48981
006|092|0.48152
006|093|0.47542
006|094|0.46491
006|095|0.4782
006|096|0.50068
006|097|0.50043
006|098|0.44989
006|099|0.47377
006|100|0.46052
006|101|0.45269
006|102|0.47757
006|103|0.46157
006|104|0.48842
006|105|0.47232
006|106|0.46092
006|107|0.47909
006|108|0.47558
007|008|0.45714
007|009|0.47698
007|010|0.46511
007|011|0.47165
007|012|0.46557
007|013|0.4693
007|014|0.47531
007|015|0.43309
007|016|0.44616
007|017|0.47435
007|018|0.46181
007|019|0.42844
007|020|0.45844
007|021|0.47235
007|022|0.47705
007|023|0.46673
007|024|0.479
007|025|0.44272
007|026|0.47753
007|027|0.47623
007|028|0.47524
007|029|0.45843
007|030|0.47408
007|031|0.44107
007|032|0.4736
007|033|0.44879
007|034|0.45854
007|035|0.48008
007|036|0.45725
007|037|0.47163
007|038|0.49174
007|039|0.46886
007|040|0.4515
007|041|0.4496
007|042|0.46915
007|043|0.45957
007|044|0.46664
007|045|0.45703
007|046|0.46236
007|047|0.46678
007|048|0.45712
007|049|0.48613
007|050|0.45943
007|051|0.45719
007|052|0.47825
007|053|0.46409
007|054|0.47003
007|055|0.44911
007|056|0.48769
007|057|0.44732
007|058|0.47078
007|059|0.46097
007|060|0.47772
007|061|0.48525
007|062|0.46225
007|063|0.49149
007|064|0.45738
007|065|0.44978
007|066|0.44887
007|067|0.46621
007|068|0.48184
007|069|0.45827
007|070|0.47613
007|071|0.46887
007|072|0.42066
007|073|0.47383
007|074|0.46121
007|075|0.44572
007|076|0.46589
007|077|0.47313
007|078|0.47294
007|079|0.45443
007|080|0.47961
007|081|0.4808
007|082|0.4505
007|083|0.47618
007|084|0.47859
007|085|0.45475
007|086|0.44682
007|087|0.46277
007|088|0.47351
007|089|0.42617
007|090|0.48397
007|091|0.47939
007|092|0.48496
007|093|0.4551
007|094|0.43169
007|095|0.47102
007|096|0.49096
007|097|0.4866
007|098|0.46132
007|099|0.48389
007|100|0.47213
007|101|0.47702
007|102|0.45721
007|103|0.45739
007|104|0.49604
007|105|0.4514
007|106|0.46751
007|107|0.4737
007|108|0.46481
008|009|0.48378
008|010|0.47462
008|011|0.45869
008|012|0.48746
008|013|0.46892
008|014|0.46901
008|015|0.47817
008|016|0.45586
008|017|0.4606
008|018|0.47314
008|019|0.45598
008|020|0.46771
008|021|0.48522
008|022|0.47052
008|023|0.48125
008|024|0.4543
008|025|0.47746
008|026|0.44092
008|027|0.45362
008|028|0.47459
008|029|0.46502
008|030|0.44665
008|031|0.46189
008|032|0.46763
008|033|0.47574
008|034|0.46507
008|035|0.4858
008|036|0.46061
008|037|0.44729
008|038|0.45758
008|039|0.46679
008|040|0.45561
008|041|0.45896
008|042|0.47949
008|043|0.47435
008|044|0.45041
008|045|0.46182
008|046|0.45235
008|047|0.44121
008|048|0.47105
008|049|0.47757
008|050|0.47699
008|051|0.4795
008|052|0.4736
008|053|0.4445
008|054|0.47058
008|055|0.48917
008|056|0.46745
008|057|0.48778
008|058|0.46058
008|059|0.43294
008|060|0.46741
008|061|0.48084
008|062|0.47533
008|063|0.45995
008|064|0.47489
008|065|0.47775
008|066|0.46047
008|067|0.44926
008|068|0.47326
008|069|0.48072
008|070|0.47566
008|071|0.46121
008|072|0.46349
008|073|0.48384
008|074|0.48515
008|075|0.48982
008|076|0.46962
008|077|0.47219
008|078|0.46368
008|079|0.47551
008|080|0.47881
008|081|0.48133
008|082|0.47419
008|083|0.49739
008|084|0.47862
008|085|0.4708
008|086|0.47223
008|087|0.49193
008|088|0.46675
008|089|0.47147
008|090|0.47231
008|091|0.4361
008|092|0.46416
008|093|0.44034
008|094|0.45061
008|095|0.49109
008|096|0.46897
008|097|0.47847
008|098|0.46573
008|099|0.45904
008|100|0.47054
008|101|0.46371
008|102|0.47292
008|103|0.48291
008|104|0.46417
008|105|0.47831
008|106|0.48233
008|107|0.45485
008|108|0.45674
009|010|0.45164
009|011|0.47218
009|012|0.47736
009|013|0.46172
009|014|0.44223
009|015|0.47363
009|016|0.47547
009|017|0.48216
009|018|0.46017
009|019|0.44218
009|020|0.46261
009|021|0.4722
009|022|0.46352
009|023|0.48591
009|024|0.49147
009|025|0.45246
009|026|0.47723
009|027|0.47112
009|028|0.47555
009|029|0.46726
009|030|0.46894
009|031|0.43563
009|032|0.45588
009|033|0.45242
009|034|0.47142
009|035|0.46297
009|036|0.46992
009|037|0.46318
009|038|0.45685
009|039|0.46165
009|040|0.46253
009|041|0.4243
009|042|0.45459
009|043|0.47436
009|044|0.4777
009|045|0.46815
009|046|0.43729
009|047|0.45651
009|048|0.4698
009|049|0.45856
009|050|0.44876
009|051|0.47775
009|052|0.48917
009|053|0.46822
009|054|0.47372
009|055|0.474
009|056|0.48279
009|057|0.47536
009|058|0.50149
009|059|0.47934
009|060|0.47979
009|061|0.47862
009|062|0.44497
009|063|0.4619
009|064|0.46493
009|065|0.46415
009|066|0.4609
009|067|0.44064
009|068|0.47809
009|069|0.45871
009|070|0.43589
009|071|0.48564
009|072|0.46112
009|073|0.45285
009|074|0.48102
009|075|0.45843
009|076|0.4624
009|077|0.47961
009|078|0.48061
009|079|0.49007
009|080|0.44612
009|081|0.47897
009|082|0.47055
009|083|0.48747
009|084|0.44722
009|085|0.47869
009|086|0.45974
009|087|0.4867
009|088|0.45809
009|089|0.48138
009|090|0.47465
009|091|0.47993
009|092|0.46134
009|093|0.42651
009|094|0.45768
009|095|0.47406
009|096|0.46791
009|097|0.44016
009|098|0.46183
009|099|0.47379
009|100|0.47499
009|101|0.45804
009|102|0.44641
009|103|0.47169
009|104|0.4912
009|105|0.4531
009|106|0.46275
009|107|0.46066
009|108|0.47449
010|011|0.45665
010|012|0.47372
010|013|0.46567
010|014|0.42657
010|015|0.43919
010|016|0.43857
010|017|0.43988
010|018|0.46905
010|019|0.45726
010|020|0.43912
010|021|0.46239
010|022|0.47671
010|023|0.4662
010|024|0.45052
010|025|0.45186
010|026|0.46745
010|027|0.4719
010|028|0.48337
010|029|0.48091
010|030|0.45584
010|031|0.49011
010|032|0.44966
010|033|0.48193
010|034|0.47794
010|035|0.4542
010|036|0.4649
010|037|0.47142
010|038|0.46756
010|039|0.47141
010|040|0.44331
010|041|0.43089
010|042|0.4799
010|043|0.45752
010|044|0.47101
010|045|0.47268
010|046|0.48469
010|047|0.45999
010|048|0.4282
010|049|0.49208
010|050|0.4717
010|051|0.47101
010|052|0.47923
010|053|0.46476
010|054|0.46458
010|055|0.45759
010|056|0.49095
010|057|0.47005
010|058|0.48837
010|059|0.46887
010|060|0.48845
010|061|0.46872
010|062|0.44005
010|063|0.48486
010|064|0.44992
010|065|0.42953
010|066|0.45011
010|067|0.48716
010|068|0.48263
010|069|0.45381
010|070|0.42513
010|071|0.46563
010|072|0.42791
010|073|0.40548
010|074|0.46549
010|075|0.46443
010|076|0.48038
010|077|0.46084
010|078|0.45288
010|079|0.46839
010|080|0.47495
010|081|0.46569
010|082|0.44462
010|083|0.49252
010|084|0.46576
010|085|0.46694
010|086|0.44694
010|087|0.45792
010|088|0.45735
010|089|0.47359
010|090|0.47332
010|091|0.47132
010|092|0.47896
010|093|0.46854
010|094|0.44876
010|095|0.4582
010|096|0.50402
010|097|0.48405
010|098|0.4578
010|099|0.48784
010|100|0.45508
010|101|0.44215
010|102|0.49087
010|103|0.47222
010|104|0.45327
010|105|0.46952
010|106|0.46789
010|107|0.45719
010|108|0.48184
011|012|0.47994
011|013|0.44219
011|014|0.48321
011|015|0.45339
011|016|0.45639
011|017|0.49047
011|018|0.48115
011|019|0.44857
011|020|0.46304
011|021|0.48032
011|022|0.47718
011|023|0.4566
011|024|0.48413
011|025|0.46526
011|026|0.48465
011|027|0.47872
011|028|0.47415
011|029|0.46723
011|030|0.46987
011|031|0.46968
011|032|0.47463
011|033|0.46217
011|034|0.46659
011|035|0.47148
011|036|0.48174
011|037|0.44982
011|038|0.45637
011|039|0.45832
011|040|0.4663
011|041|0.46159
011|042|0.4657
011|043|0.47358
011|044|0.48591
011|045|0.44009
011|046|0.47197
011|047|0.44972
011|048|0.50754
011|049|0.46763
011|050|0.47591
011|051|0.46527
011|052|0.46431
011|053|0.46685
011|054|0.48149
011|055|0.46614
011|056|0.4593
011|057|0.46769
011|058|0.46177
011|059|0.46878
011|060|0.48741
011|061|0.48527
011|062|0.4494
011|063|0.48428
011|064|0.46725
011|065|0.44376
011|066|0.46777
011|067|0.4361
011|068|0.46518
011|069|0.49154
011|070|0.46453
011|071|0.48703
011|072|0.45117
011|073|0.44859
011|074|0.48682
011|075|0.46662
011|076|0.49021
011|077|0.47316
011|078|0.469
011|079|0.47398
011|080|0.47417
011|081|0.47537
011|082|0.47255
011|083|0.49587
011|084|0.44727
011|085|0.45674
011|086|0.47039
011|087|0.48311
011|088|0.479
011|089|0.47207
011|090|0.47014
011|091|0.45329
011|092|0.46793
011|093|0.48288
011|094|0.46814
011|095|0.47009
011|096|0.4684
011|097|0.46329
011|098|0.44307
011|099|0.47489
011|100|0.47177
011|101|0.43771
011|102|0.47878
011|103|0.46787
011|104|0.4709
011|105|0.47369
011|106|0.46604
011|107|0.47042
011|108|0.48381
012|013|0.48256
012|014|0.47458
012|015|0.46159
012|016|0.47652
012|017|0.48096
012|018|0.46812
012|019|0.45763
012|020|0.473
012|021|0.46478
012|022|0.47109
012|023|0.48729
012|024|0.47161
012|025|0.47385
012|026|0.47151
012|027|0.46991
012|028|0.4704
012|029|0.47118
012|030|0.48376
012|031|0.4616
012|032|0.46032
012|033|0.48696
012|034|0.46081
012|035|0.46983
012|036|0.4855
012|037|0.4791
012|038|0.4489
012|039|0.4573
012|040|0.4708
012|041|0.47007
012|042|0.46812
012|043|0.46399
012|044|0.44396
012|045|0.46237
012|046|0.46592
012|047|0.48351
012|048|0.46192
012|049|0.46767
012|050|0.47177
012|051|0.47819
012|052|0.47732
012|053|0.48247
012|054|0.48839
012|055|0.46831
012|056|0.46251
012|057|0.45506
012|058|0.46022
012|059|0.44593
012|060|0.44859
012|061|0.47121
012|062|0.43497
012|063|0.46583
012|064|0.46487
012|065|0.44755
012|066|0.45275
012|067|0.48159
012|068|0.4796
012|069|0.48416
012|070|0.48346
012|071|0.47376
012|072|0.45037
012|073|0.47374
012|074|0.47309
012|075|0.45025
012|076|0.46787
012|077|0.47978
012|078|0.48197
012|079|0.47627
012|080|0.48217
012|081|0.4704
012|082|0.45932
012|083|0.49007
012|084|0.4681
012|085|0.46677
012|086|0.46868
012|087|0.46556
012|088|0.47421
012|089|0.48258
012|090|0.46957
012|091|0.49073
012|092|0.46905
012|093|0.47479
012|094|0.47719
012|095|0.47913
012|096|0.49142
012|097|0.47061
012|098|0.48218
012|099|0.47513
012|100|0.4454
012|101|0.45777
012|102|0.46853
012|103|0.47323
012|104|0.46268
012|105|0.45648
012|106|0.47515
012|107|0.46846
012|108|0.46594
013|014|0.41956
013|015|0.45029
013|016|0.46817
013|017|0.4688
013|018|0.44419
013|019|0.46236
013|020|0.40972
013|021|0.46976
013|022|0.47539
013|023|0.48699
013|024|0.47132
013|025|0.44206
013|026|0.47801
013|027|0.4642
013|028|0.49429
013|029|0.4628
013|030|0.45828
013|031|0.45962
013|032|0.48907
013|033|0.44366
013|034|0.41503
013|035|0.45972
013|036|0.49479
013|037|0.47767
013|038|0.45133
013|039|0.46275
013|040|0.43976
013|041|0.40759
013|042|0.47302
013|043|0.47813
013|044|0.4757
013|045|0.46317
013|046|0.43447
013|047|0.47529
013|048|0.42464
013|049|0.46556
013|050|0.47929
013|051|0.47466
013|052|0.45877
013|053|0.44716
013|054|0.48638
013|055|0.45009
013|056|0.48381
013|057|0.48573
013|058|0.46886
013|059|0.48733
013|060|0.4723
013|061|0.46195
013|062|0.47196
013|063|0.47132
013|064|0.47618
013|065|0.46489
013|066|0.46004
013|067|0.4455
013|068|0.50333
013|069|0.48253
013|070|0.47718
013|071|0.48124
013|072|0.48989
013|073|0.44419
013|074|0.48333
013|075|0.48078
013|076|0.4671
013|077|0.45865
013|078|0.45547
013|079|0.46698
013|080|0.46646
013|081|0.49079
013|082|0.469
013|083|0.49413
013|084|0.44034
013|085|0.46511
013|086|0.44371
013|087|0.50663
013|088|0.46137
013|089|0.48791
013|090|0.46559
013|091|0.44181
013|092|0.49576
013|093|0.45921
013|094|0.44696
013|095|0.47298
013|096|0.46786
013|097|0.47635
013|098|0.4698
013|099|0.47981
013|100|0.47095
013|101|0.44338
013|102|0.46341
013|103|0.46975
013|104|0.48513
013|105|0.47202
013|106|0.44558
013|107|0.47069
013|108|0.4841
014|015|0.46031
014|016|0.47275
014|017|0.47457
014|018|0.4593
014|019|0.47461
014|020|0.47245
014|021|0.46713
014|022|0.48797
014|023|0.47022
014|024|0.48194
014|025|0.47279
014|026|0.46493
014|027|0.46603
014|028|0.46741
014|029|0.46686
014|030|0.46745
014|031|0.46597
014|032|0.47937
014|033|0.45378
014|034|0.45703
014|035|0.4672
014|036|0.49464
014|037|0.47051
014|038|0.47112
014|039|0.46567
014|040|0.43378
014|041|0.43288
014|042|0.46226
014|043|0.49871
014|044|0.48265
014|045|0.46061
014|046|0.46253
014|047|0.4734
014|048|0.44769
014|049|0.48863
014|050|0.44294
014|051|0.47507
014|052|0.48373
014|053|0.43862
014|054|0.48416
014|055|0.44709
014|056|0.48405
014|057|0.47278
014|058|0.49796
014|059|0.46758
014|060|0.46234
014|061|0.47424
014|062|0.43746
014|063|0.47374
014|064|0.47932
014|065|0.46701
014|066|0.47837
014|067|0.45622
014|068|0.49015
014|069|0.49208
014|070|0.46617
014|071|0.46053
014|072|0.45573
014|073|0.45826
014|074|0.45089
014|075|0.48508
014|076|0.48349
014|077|0.47818
014|078|0.47253
014|079|0.47717
014|080|0.48659
014|081|0.48792
014|082|0.47425
014|083|0.46435
014|084|0.46441
014|085|0.49544
014|086|0.45445
014|087|0.48968
014|088|0.46175
014|089|0.46779
014|090|0.47571
014|091|0.49662
014|092|0.47105
014|093|0.46976
014|094|0.46582
014|095|0.47828
014|096|0.47546
014|097|0.46984
014|098|0.48058
014|099|0.48443
014|100|0.46914
014|101|0.46629
014|102|0.4655
014|103|0.48677
014|104|0.4915
014|105|0.45305
014|106|0.45555
014|107|0.47928
014|108|0.45136
015|016|0.45842
015|017|0.45422
015|018|0.41977
015|019|0.45129
015|020|0.43953
015|021|0.47888
015|022|0.47494
015|023|0.4598
015|024|0.48655
015|025|0.45289
015|026|0.49197
015|027|0.4452
015|028|0.46993
015|029|0.46484
015|030|0.46469
015|031|0.46473
015|032|0.46222
015|033|0.44618
015|034|0.45166
015|035|0.45079
015|036|0.48398
015|037|0.46704
015|038|0.44854
015|039|0.48656
015|040|0.47614
015|041|0.46186
015|042|0.45958
015|043|0.45564
015|044|0.45614
015|045|0.47645
015|046|0.46197
015|047|0.47276
015|048|0.45622
015|049|0.47548
015|050|0.48063
015|051|0.44796
015|052|0.46056
015|053|0.46479
015|054|0.46105
015|055|0.46077
015|056|0.43139
015|057|0.44327
015|058|0.47162
015|059|0.47245
015|060|0.45765
015|061|0.47047
015|062|0.47134
015|063|0.45238
015|064|0.46698
015|065|0.45549
015|066|0.45228
015|067|0.44603
015|068|0.46259
015|069|0.48917
015|070|0.45481
015|071|0.46098
015|072|0.46246
015|073|0.45434
015|074|0.47869
015|075|0.45481
015|076|0.48503
015|077|0.4711
015|078|0.46266
015|079|0.46402
015|080|0.43343
015|081|0.46293
015|082|0.43789
015|083|0.48488
015|084|0.44825
015|085|0.46855
015|086|0.43762
015|087|0.49492
015|088|0.4678
015|089|0.48489
015|090|0.48659
015|091|0.47874
015|092|0.48324
015|093|0.48468
015|094|0.43153
015|095|0.4619
015|096|0.45028
015|097|0.43744
015|098|0.45403
015|099|0.47887
015|100|0.47283
015|101|0.45138
015|102|0.48537
015|103|0.44126
015|104|0.48789
015|105|0.47393
015|106|0.46225
015|107|0.47424
015|108|0.47046
016|017|0.45257
016|018|0.47794
016|019|0.47772
016|020|0.46587
016|021|0.47662
016|022|0.46849
016|023|0.44181
016|024|0.4663
016|025|0.47992
016|026|0.4635
016|027|0.46638
016|028|0.42796
016|029|0.45668
016|030|0.47412
016|031|0.48252
016|032|0.45771
016|033|0.46017
016|034|0.46964
016|035|0.48733
016|036|0.46905
016|037|0.47797
016|038|0.5016
016|039|0.43918
016|040|0.45243
016|041|0.45744
016|042|0.48303
016|043|0.46045
016|044|0.46767
016|045|0.47738
016|046|0.4588
016|047|0.47431
016|048|0.46203
016|049|0.46552
016|050|0.45709
016|051|0.44621
016|052|0.46512
016|053|0.48368
016|054|0.47713
016|055|0.42096
016|056|0.44193
016|057|0.44967
016|058|0.44544
016|059|0.45769
016|060|0.46317
016|061|0.48737
016|062|0.49494
016|063|0.49369
016|064|0.49097
016|065|0.42959
016|066|0.47908
016|067|0.47255
016|068|0.47197
016|069|0.4725
016|070|0.46486
016|071|0.47388
016|072|0.46446
016|073|0.48685
016|074|0.47483
016|075|0.4635
016|076|0.46535
016|077|0.46824
016|078|0.48053
016|079|0.47329
016|080|0.4694
016|081|0.49254
016|082|0.44297
016|083|0.48493
016|084|0.46672
016|085|0.47474
016|086|0.48331
016|087|0.44318
016|088|0.45908
016|089|0.44872
016|090|0.49529
016|091|0.42665
016|092|0.47519
016|093|0.45324
016|094|0.45585
016|095|0.46078
016|096|0.46813
016|097|0.47342
016|098|0.4498
016|099|0.46134
016|100|0.43541
016|101|0.46965
016|102|0.46829
016|103|0.48825
016|104|0.48
016|105|0.44483
016|106|0.47284
016|107|0.45374
016|108|0.48091
017|018|0.468
017|019|0.44344
017|020|0.45993
017|021|0.46269
017|022|0.45984
017|023|0.46735
017|024|0.45943
017|025|0.47969
017|026|0.47507
017|027|0.4619
017|028|0.48933
017|029|0.46642
017|030|0.49204
017|031|0.46996
017|032|0.47582
017|033|0.48888
017|034|0.50014
017|035|0.47279
017|036|0.48537
017|037|0.46838
017|038|0.51862
017|039|0.47652
017|040|0.45411
017|041|0.46528
017|042|0.47432
017|043|0.46175
017|044|0.45222
017|045|0.46862
017|046|0.48036
017|047|0.47499
017|048|0.49063
017|049|0.49861
017|050|0.48826
017|051|0.46333
017|052|0.46752
017|053|0.47807
017|054|0.45091
017|055|0.45806
017|056|0.45453
017|057|0.44842
017|058|0.4395
017|059|0.45517
017|060|0.46642
017|061|0.47832
017|062|0.49457
017|063|0.47738
017|064|0.47277
017|065|0.46989
017|066|0.47076
017|067|0.47766
017|068|0.44955
017|069|0.45154
017|070|0.45325
017|071|0.48103
017|072|0.46248
017|073|0.48619
017|074|0.4627
017|075|0.45576
017|076|0.47329
017|077|0.45102
017|078|0.47308
017|079|0.46832
017|080|0.4778
017|081|0.46714
017|082|0.47577
017|083|0.49346
017|084|0.47363
017|085|0.45553
017|086|0.48302
017|087|0.4534
017|088|0.47357
017|089|0.46417
017|090|0.49203
017|091|0.49088
017|092|0.48362
017|093|0.48193
017|094|0.49072
017|095|0.46254
017|096|0.4699
017|097|0.48598
017|098|0.47374
017|099|0.48101
017|100|0.45217
017|101|0.46014
017|102|0.46752
017|103|0.49486
017|104|0.45972
017|105|0.4616
017|106|0.49115
017|107|0.45753
017|108|0.47707
018|019|0.47875
018|020|0.4566
018|021|0.47654
018|022|0.48569
018|023|0.49038
018|024|0.48972
018|025|0.47205
018|026|0.48598
018|027|0.48266
018|028|0.45887
018|029|0.4649
018|030|0.45976
018|031|0.46325
018|032|0.48379
018|033|0.4444
018|034|0.46995
018|035|0.49256
018|036|0.49026
018|037|0.47551
018|038|0.47163
018|039|0.4922
018|040|0.49527
018|041|0.45835
018|042|0.45581
018|043|0.46938
018|044|0.47285
018|045|0.47856
018|046|0.45545
018|047|0.48801
018|048|0.47734
018|049|0.4822
018|050|0.47036
018|051|0.46012
018|052|0.47934
018|053|0.46036
018|054|0.47206
018|055|0.48427
018|056|0.48246
018|057|0.47973
018|058|0.47521
018|059|0.45164
018|060|0.4724
018|061|0.47669
018|062|0.46283
018|063|0.47096
018|064|0.49644
018|065|0.47073
018|066|0.47945
018|067|0.43893
018|068|0.4907
018|069|0.46525
018|070|0.49656
018|071|0.4895
018|072|0.4639
018|073|0.46028
018|074|0.46916
018|075|0.45745
018|076|0.48774
018|077|0.46836
018|078|0.46666
018|079|0.48827
018|080|0.49182
018|081|0.49004
018|082|0.47561
018|083|0.47964
018|084|0.48174
018|085|0.46867
018|086|0.46031
018|087|0.50266
018|088|0.48933
018|089|0.47511
018|090|0.47842
018|091|0.46015
018|092|0.49034
018|093|0.47931
018|094|0.47255
018|095|0.47778
018|096|0.48056
018|097|0.45598
018|098|0.46814
018|099|0.48323
018|100|0.49958
018|101|0.45441
018|102|0.44801
018|103|0.47377
018|104|0.49651
018|105|0.46732
018|106|0.44973
018|107|0.48717
018|108|0.48733
019|020|0.4452
019|021|0.46992
019|022|0.47142
019|023|0.46144
019|024|0.4769
019|025|0.45763
019|026|0.45891
019|027|0.46473
019|028|0.46506
019|029|0.47179
019|030|0.45382
019|031|0.45708
019|032|0.44564
019|033|0.45746
019|034|0.4257
019|035|0.447
019|036|0.47958
019|037|0.43761
019|038|0.43677
019|039|0.45615
019|040|0.4513
019|041|0.43373
019|042|0.4476
019|043|0.43032
019|044|0.44136
019|045|0.43637
019|046|0.45789
019|047|0.47561
019|048|0.42872
019|049|0.45236
019|050|0.45293
019|051|0.4602
019|052|0.46798
019|053|0.47256
019|054|0.46198
019|055|0.42693
019|056|0.46908
019|057|0.47383
019|058|0.43276
019|059|0.46632
019|060|0.45917
019|061|0.47601
019|062|0.46888
019|063|0.44515
019|064|0.4684
019|065|0.46237
019|066|0.4659
019|067|0.44228
019|068|0.46717
019|069|0.46676
019|070|0.43687
019|071|0.45346
019|072|0.4495
019|073|0.43485
019|074|0.46841
019|075|0.48264
019|076|0.4684
019|077|0.47799
019|078|0.48564
019|079|0.46735
019|080|0.45377
019|081|0.46711
019|082|0.44958
019|083|0.47153
019|084|0.455
019|085|0.43926
019|086|0.45451
019|087|0.44564
019|088|0.4642
019|089|0.47273
019|090|0.47042
019|091|0.43587
019|092|0.47151
019|093|0.4658
019|094|0.40821
019|095|0.48132
019|096|0.45057
019|097|0.47013
019|098|0.45885
019|099|0.47044
019|100|0.46543
019|101|0.44063
019|102|0.4816
019|103|0.43608
019|104|0.47749
019|105|0.43183
019|106|0.44301
019|107|0.45934
019|108|0.47067
020|021|0.46104
020|022|0.46667
020|023|0.47686
020|024|0.47829
020|025|0.47958
020|026|0.47941
020|027|0.4571
020|028|0.46941
020|029|0.46698
020|030|0.46518
020|031|0.46723
020|032|0.47215
020|033|0.46194
020|034|0.41601
020|035|0.44921
020|036|0.45923
020|037|0.42684
020|038|0.44749
020|039|0.42862
020|040|0.45023
020|041|0.45827
020|042|0.45178
020|043|0.47023
020|044|0.46504
020|045|0.46743
020|046|0.43678
020|047|0.46657
020|048|0.48521
020|049|0.45223
020|050|0.47968
020|051|0.45746
020|052|0.47211
020|053|0.45625
020|054|0.46406
020|055|0.4838
020|056|0.47937
020|057|0.47094
020|058|0.46324
020|059|0.45798
020|060|0.45553
020|061|0.46944
020|062|0.47884
020|063|0.47121
020|064|0.46906
020|065|0.46927
020|066|0.44912
020|067|0.46383
020|068|0.47371
020|069|0.48161
020|070|0.47045
020|071|0.47357
020|072|0.47127
020|073|0.48026
020|074|0.4775
020|075|0.47522
020|076|0.47923
020|077|0.48454
020|078|0.45464
020|079|0.42731
020|080|0.46304
020|081|0.45704
020|082|0.45536
020|083|0.49011
020|084|0.44408
020|085|0.46168
020|086|0.47261
020|087|0.49277
020|088|0.48529
020|089|0.4739
020|090|0.46346
020|091|0.45844
020|092|0.47934
020|093|0.45109
020|094|0.46284
020|095|0.47466
020|096|0.47226
020|097|0.45382
020|098|0.45855
020|099|0.46195
020|100|0.46241
020|101|0.44301
020|102|0.47008
020|103|0.46406
020|104|0.46866
020|105|0.46389
020|106|0.45979
020|107|0.4659
020|108|0.48964
021|022|0.46029
021|023|0.47821
021|024|0.47192
021|025|0.46905
021|026|0.46408
021|027|0.47185
021|028|0.46953
021|029|0.45452
021|030|0.47452
021|031|0.45088
021|032|0.46066
021|033|0.46062
021|034|0.47707
021|035|0.45229
021|036|0.47324
021|037|0.47522
021|038|0.48086
021|039|0.46602
021|040|0.47201
021|041|0.44786
021|042|0.45418
021|043|0.44991
021|044|0.45376
021|045|0.46892
021|046|0.46094
021|047|0.49321
021|048|0.49199
021|049|0.48137
021|050|0.49253
021|051|0.48333
021|052|0.4708
021|053|0.47237
021|054|0.43927
021|055|0.47537
021|056|0.4698
021|057|0.48067
021|058|0.44677
021|059|0.46528
021|060|0.44222
021|061|0.46459
021|062|0.47663
021|063|0.48045
021|064|0.46869
021|065|0.46804
021|066|0.45467
021|067|0.48518
021|068|0.4676
021|069|0.4524
021|070|0.47564
021|071|0.45651
021|072|0.46616
021|073|0.48597
021|074|0.46929
021|075|0.46986
021|076|0.44993
021|077|0.46149
021|078|0.43743
021|079|0.47215
021|080|0.47342
021|081|0.4552
021|082|0.46711
021|083|0.45609
021|084|0.47355
021|085|0.45524
021|086|0.47617
021|087|0.4676
021|088|0.49221
021|089|0.45995
021|090|0.47365
021|091|0.45354
021|092|0.47523
021|093|0.47653
021|094|0.4772
021|095|0.48447
021|096|0.48436
021|097|0.47075
021|098|0.47606
021|099|0.47975
021|100|0.46326
021|101|0.4585
021|102|0.48973
021|103|0.48675
021|104|0.4767
021|105|0.46109
021|106|0.48248
021|107|0.48714
021|108|0.47678
022|023|0.4843
022|024|0.45245
022|025|0.48857
022|026|0.44653
022|027|0.48081
022|028|0.47399
022|029|0.49885
022|030|0.43714
022|031|0.47756
022|032|0.46088
022|033|0.47695
022|034|0.48144
022|035|0.45788
022|036|0.48459
022|037|0.46221
022|038|0.49043
022|039|0.47003
022|040|0.46239
022|041|0.48708
022|042|0.4698
022|043|0.46661
022|044|0.44933
022|045|0.47645
022|046|0.49909
022|047|0.49071
022|048|0.46147
022|049|0.47173
022|050|0.47745
022|051|0.47403
022|052|0.48566
022|053|0.48617
022|054|0.44668
022|055|0.46902
022|056|0.44802
022|057|0.46389
022|058|0.47069
022|059|0.48249
022|060|0.47491
022|061|0.46592
022|062|0.47514
022|063|0.47238
022|064|0.49118
022|065|0.50021
022|066|0.49198
022|067|0.49493
022|068|0.46087
022|069|0.4664
022|070|0.48576
022|071|0.48094
022|072|0.46256
022|073|0.50436
022|074|0.48046
022|075|0.48292
022|076|0.4715
022|077|0.48039
022|078|0.47573
022|079|0.47888
022|080|0.44259
022|081|0.47796
022|082|0.4844
022|083|0.48071
022|084|0.47629
022|085|0.44793
022|086|0.48966
022|087|0.45485
022|088|0.48637
022|089|0.46047
022|090|0.47345
022|091|0.4998
022|092|0.46865
022|093|0.47113
022|094|0.4805
022|095|0.45405
022|096|0.46749
022|097|0.48195
022|098|0.47879
022|099|0.4652
022|100|0.45893
022|101|0.49137
022|102|0.4666
022|103|0.48925
022|104|0.44854
022|105|0.48298
022|106|0.48257
022|107|0.47206
022|108|0.48164
023|024|0.45805
023|025|0.45148
023|026|0.47011
023|027|0.46383
023|028|0.46709
023|029|0.47165
023|030|0.46471
023|031|0.48276
023|032|0.46122
023|033|0.47537
023|034|0.47538
023|035|0.46897
023|036|0.46654
023|037|0.46173
023|038|0.4494
023|039|0.48367
023|040|0.46731
023|041|0.46175
023|042|0.47233
023|043|0.46963
023|044|0.473
023|045|0.48469
023|046|0.48023
023|047|0.48863
023|048|0.44027
023|049|0.46008
023|050|0.4549
023|051|0.47753
023|052|0.46549
023|053|0.47025
023|054|0.45211
023|055|0.4824
023|056|0.44682
023|057|0.44641
023|058|0.44209
023|059|0.45956
023|060|0.48408
023|061|0.47937
023|062|0.48507
023|063|0.48287
023|064|0.48392
023|065|0.45835
023|066|0.47576
023|067|0.46911
023|068|0.46642
023|069|0.46283
023|070|0.45894
023|071|0.45261
023|072|0.47664
023|073|0.47756
023|074|0.4825
023|075|0.4855
023|076|0.47408
023|077|0.47953
023|078|0.48271
023|079|0.48189
023|080|0.46583
023|081|0.46093
023|082|0.47224
023|083|0.46614
023|084|0.47074
023|085|0.4751
023|086|0.49088
023|087|0.46951
023|088|0.4836
023|089|0.47884
023|090|0.47366
023|091|0.46837
023|092|0.46613
023|093|0.47225
023|094|0.46449
023|095|0.45933
023|096|0.47919
023|097|0.47096
023|098|0.47148
023|099|0.47248
023|100|0.48254
023|101|0.47105
023|102|0.46496
023|103|0.49679
023|104|0.47408
023|105|0.48989
023|106|0.47789
023|107|0.47126
023|108|0.48808
024|025|0.46984
024|026|0.43565
024|027|0.48524
024|028|0.47336
024|029|0.45814
024|030|0.48108
024|031|0.47871
024|032|0.48274
024|033|0.46719
024|034|0.46533
024|035|0.46367
024|036|0.45605
024|037|0.48841
024|038|0.4923
024|039|0.48104
024|040|0.47479
024|041|0.47896
024|042|0.46879
024|043|0.48158
024|044|0.45632
024|045|0.46331
024|046|0.45742
024|047|0.47114
024|048|0.47921
024|049|0.4862
024|050|0.47243
024|051|0.47278
024|052|0.46937
024|053|0.48224
024|054|0.46219
024|055|0.48658
024|056|0.48296
024|057|0.4823
024|058|0.4592
024|059|0.47884
024|060|0.47842
024|061|0.46492
024|062|0.49299
024|063|0.4807
024|064|0.44825
024|065|0.47382
024|066|0.48272
024|067|0.46763
024|068|0.48872
024|069|0.47663
024|070|0.49153
024|071|0.46833
024|072|0.47088
024|073|0.48819
024|074|0.47867
024|075|0.48988
024|076|0.47579
024|077|0.48665
024|078|0.4758
024|079|0.4704
024|080|0.4814
024|081|0.47187
024|082|0.47588
024|083|0.49586
024|084|0.48516
024|085|0.47582
024|086|0.48657
024|087|0.44989
024|088|0.48591
024|089|0.46447
024|090|0.46599
024|091|0.46887
024|092|0.46054
024|093|0.48875
024|094|0.46562
024|095|0.47103
024|096|0.48039
024|097|0.47791
024|098|0.45285
024|099|0.48796
024|100|0.46755
024|101|0.48958
024|102|0.47541
024|103|0.48611
024|104|0.44502
024|105|0.4702
024|106|0.50134
024|107|0.48473
024|108|0.46915
025|026|0.4599
025|027|0.47105
025|028|0.47498
025|029|0.4615
025|030|0.45347
025|031|0.47864
025|032|0.47672
025|033|0.45792
025|034|0.42852
025|035|0.48552
025|036|0.46825
025|037|0.46653
025|038|0.45051
025|039|0.46374
025|040|0.4703
025|041|0.46701
025|042|0.48649
025|043|0.46625
025|044|0.472
025|045|0.4697
025|046|0.46443
025|047|0.49232
025|048|0.42705
025|049|0.4834
025|050|0.48388
025|051|0.46908
025|052|0.47596
025|053|0.46975
025|054|0.48875
025|055|0.47829
025|056|0.45212
025|057|0.47414
025|058|0.47665
025|059|0.47702
025|060|0.4482
025|061|0.44919
025|062|0.47725
025|063|0.46377
025|064|0.48554
025|065|0.46763
025|066|0.46345
025|067|0.47819
025|068|0.49742
025|069|0.47525
025|070|0.44733
025|071|0.475
025|072|0.47848
025|073|0.44998
025|074|0.463
025|075|0.46328
025|076|0.475
025|077|0.48803
025|078|0.4668
025|079|0.44941
025|080|0.48163
025|081|0.4486
025|082|0.48132
025|083|0.4663
025|084|0.4483
025|085|0.45801
025|086|0.45063
025|087|0.46677
025|088|0.47591
025|089|0.48729
025|090|0.47354
025|091|0.46174
025|092|0.46862
025|093|0.47534
025|094|0.48431
025|095|0.47505
025|096|0.47503
025|097|0.45011
025|098|0.45305
025|099|0.48065
025|100|0.46834
025|101|0.45744
025|102|0.49202
025|103|0.45677
025|104|0.47918
025|105|0.49634
025|106|0.44778
025|107|0.47853
025|108|0.45652
026|027|0.47327
026|028|0.47287
026|029|0.46463
026|030|0.47114
026|031|0.48621
026|032|0.45589
026|033|0.49518
026|034|0.4804
026|035|0.48043
026|036|0.46462
026|037|0.46795
026|038|0.49055
026|039|0.48239
026|040|0.44716
026|041|0.49367
026|042|0.49107
026|043|0.47404
026|044|0.47987
026|045|0.46427
026|046|0.47611
026|047|0.46069
026|048|0.46189
026|049|0.48505
026|050|0.47098
026|051|0.49071
026|052|0.47145
026|053|0.45721
026|054|0.47869
026|055|0.48366
026|056|0.45618
026|057|0.47679
026|058|0.46735
026|059|0.46838
026|060|0.48093
026|061|0.46576
026|062|0.47685
026|063|0.46602
026|064|0.47037
026|065|0.47724
026|066|0.49081
026|067|0.48102
026|068|0.46501
026|069|0.48617
026|070|0.48522
026|071|0.45522
026|072|0.4719
026|073|0.49585
026|074|0.47977
026|075|0.47779
026|076|0.44562
026|077|0.47753
026|078|0.48445
026|079|0.45614
026|080|0.44795
026|081|0.48198
026|082|0.4899
026|083|0.47026
026|084|0.47422
026|085|0.47099
026|086|0.48631
026|087|0.43768
026|088|0.47394
026|089|0.46233
026|090|0.47168
026|091|0.44728
026|092|0.47698
026|093|0.48269
026|094|0.48881
026|095|0.48148
026|096|0.49508
026|097|0.46368
026|098|0.47337
026|099|0.45132
026|100|0.44001
026|101|0.48218
026|102|0.49423
026|103|0.46548
026|104|0.45593
026|105|0.46335
026|106|0.46824
026|107|0.48661
026|108|0.4934
027|028|0.48477
027|029|0.46578
027|030|0.4939
027|031|0.49855
027|032|0.48114
027|033|0.472
027|034|0.48135
027|035|0.48094
027|036|0.49274
027|037|0.48667
027|038|0.46747
027|039|0.46672
027|040|0.4738
027|041|0.48413
027|042|0.47025
027|043|0.44516
027|044|0.47176
027|045|0.458
027|046|0.465
027|047|0.45841
027|048|0.46136
027|049|0.48443
027|050|0.48478
027|051|0.47647
027|052|0.47005
027|053|0.46591
027|054|0.45536
027|055|0.47886
027|056|0.46079
027|057|0.47368
027|058|0.48361
027|059|0.45698
027|060|0.48594
027|061|0.46876
027|062|0.47544
027|063|0.46386
027|064|0.47596
027|065|0.46669
027|066|0.47786
027|067|0.45496
027|068|0.4825
027|069|0.4638
027|070|0.4648
027|071|0.47467
027|072|0.4651
027|073|0.46747
027|074|0.48707
027|075|0.46701
027|076|0.48172
027|077|0.4612
027|078|0.47253
027|079|0.45336
027|080|0.47067
027|081|0.48598
027|082|0.48893
027|083|0.46516
027|084|0.48023
027|085|0.45886
027|086|0.47402
027|087|0.47608
027|088|0.47607
027|089|0.48618
027|090|0.48381
027|091|0.47138
027|092|0.48009
027|093|0.49602
027|094|0.4837
027|095|0.48138
027|096|0.49919
027|097|0.47968
027|098|0.47316
027|099|0.47455
027|100|0.47571
027|101|0.47194
027|102|0.46046
027|103|0.47983
027|104|0.48361
027|105|0.45621
027|106|0.46064
027|107|0.48119
027|108|0.48589
028|029|0.44142
028|030|0.47041
028|031|0.4874
028|032|0.45855
028|033|0.48861
028|034|0.48943
028|035|0.47694
028|036|0.46481
028|037|0.49317
028|038|0.48965
028|039|0.45915
028|040|0.45472
028|041|0.44225
028|042|0.45835
028|043|0.46186
028|044|0.48113
028|045|0.45235
028|046|0.45779
028|047|0.48018
028|048|0.45499
028|049|0.46501
028|050|0.4568
028|051|0.46441
028|052|0.46268
028|053|0.48461
028|054|0.46851
028|055|0.47001
028|056|0.46305
028|057|0.46623
028|058|0.45555
028|059|0.46203
028|060|0.46969
028|061|0.47654
028|062|0.47712
028|063|0.43801
028|064|0.45541
028|065|0.4561
028|066|0.48262
028|067|0.4629
028|068|0.48393
028|069|0.48084
028|070|0.48469
028|071|0.47237
028|072|0.48686
028|073|0.46977
028|074|0.48958
028|075|0.46577
028|076|0.48626
028|077|0.48215
028|078|0.48172
028|079|0.48745
028|080|0.46805
028|081|0.46608
028|082|0.48906
028|083|0.47897
028|084|0.48608
028|085|0.48208
028|086|0.4657
028|087|0.46899
028|088|0.48347
028|089|0.46235
028|090|0.4879
028|091|0.47376
028|092|0.4646
028|093|0.46502
028|094|0.47863
028|095|0.43976
028|096|0.48731
028|097|0.4745
028|098|0.45271
028|099|0.4557
028|100|0.46267
028|101|0.47505
028|102|0.47358
028|103|0.47584
028|104|0.44995
028|105|0.46663
028|106|0.47189
028|107|0.46769
028|108|0.47913
029|030|0.48114
029|031|0.46234
029|032|0.45988
029|033|0.4585
029|034|0.4742
029|035|0.46787
029|036|0.48641
029|037|0.46686
029|038|0.47297
029|039|0.47846
029|040|0.45565
029|041|0.41363
029|042|0.48787
029|043|0.45466
029|044|0.46322
029|045|0.46301
029|046|0.48198
029|047|0.47907
029|048|0.45378
029|049|0.47741
029|050|0.49036
029|051|0.47744
029|052|0.47134
029|053|0.45574
029|054|0.46366
029|055|0.43989
029|056|0.45788
029|057|0.46586
029|058|0.50509
029|059|0.45781
029|060|0.48411
029|061|0.48206
029|062|0.4867
029|063|0.49156
029|064|0.48479
029|065|0.45851
029|066|0.4717
029|067|0.44322
029|068|0.48601
029|069|0.48597
029|070|0.48738
029|071|0.48534
029|072|0.45592
029|073|0.46203
029|074|0.47389
029|075|0.46537
029|076|0.46296
029|077|0.47152
029|078|0.46869
029|079|0.45215
029|080|0.45704
029|081|0.47436
029|082|0.46736
029|083|0.48774
029|084|0.46344
029|085|0.45655
029|086|0.46965
029|087|0.48741
029|088|0.47655
029|089|0.46951
029|090|0.5
029|091|0.4578
029|092|0.47577
029|093|0.47371
029|094|0.46784
029|095|0.45817
029|096|0.46781
029|097|0.4657
029|098|0.46589
029|099|0.48791
029|100|0.46319
029|101|0.45542
029|102|0.471
029|103|0.47694
029|104|0.47552
029|105|0.48007
029|106|0.48488
029|107|0.48343
029|108|0.49224
030|031|0.46241
030|032|0.47465
030|033|0.45831
030|034|0.45713
030|035|0.4738
030|036|0.48493
030|037|0.48582
030|038|0.45209
030|039|0.4703
030|040|0.47155
030|041|0.45925
030|042|0.48377
030|043|0.49325
030|044|0.46155
030|045|0.47874
030|046|0.47119
030|047|0.48619
030|048|0.46176
030|049|0.44447
030|050|0.46506
030|051|0.48308
030|052|0.45695
030|053|0.46602
030|054|0.47094
030|055|0.48698
030|056|0.4815
030|057|0.46931
030|058|0.47807
030|059|0.45496
030|060|0.48213
030|061|0.452
030|062|0.46411
030|063|0.47171
030|064|0.47643
030|065|0.46366
030|066|0.47655
030|067|0.4717
030|068|0.4986
030|069|0.47759
030|070|0.47435
030|071|0.48672
030|072|0.48372
030|073|0.4797
030|074|0.47582
030|075|0.49602
030|076|0.48229
030|077|0.47111
030|078|0.48489
030|079|0.47898
030|080|0.44644
030|081|0.48856
030|082|0.48073
030|083|0.48469
030|084|0.47068
030|085|0.48339
030|086|0.44586
030|087|0.49221
030|088|0.4756
030|089|0.48465
030|090|0.44383
030|091|0.47061
030|092|0.46728
030|093|0.47083
030|094|0.43854
030|095|0.47074
030|096|0.47463
030|097|0.45835
030|098|0.47444
030|099|0.46248
030|100|0.46972
030|101|0.48425
030|102|0.48177
030|103|0.47109
030|104|0.47606
030|105|0.47524
030|106|0.47545
030|107|0.4699
030|108|0.47254
031|032|0.46811
031|033|0.44984
031|034|0.45535
031|035|0.45699
031|036|0.49001
031|037|0.46037
031|038|0.43907
031|039|0.46425
031|040|0.46267
031|041|0.43004
031|042|0.4653
031|043|0.46052
031|044|0.46786
031|045|0.46979
031|046|0.45665
031|047|0.48312
031|048|0.46242
031|049|0.46732
031|050|0.45771
031|051|0.47507
031|052|0.4805
031|053|0.46171
031|054|0.47367
031|055|0.46086
031|056|0.47976
031|057|0.46901
031|058|0.48834
031|059|0.48623
031|060|0.4775
031|061|0.46806
031|062|0.47205
031|063|0.46268
031|064|0.47851
031|065|0.47844
031|066|0.45994
031|067|0.47711
031|068|0.50398
031|069|0.48426
031|070|0.48567
031|071|0.47891
031|072|0.45911
031|073|0.47347
031|074|0.47237
031|075|0.49942
031|076|0.46429
031|077|0.48776
031|078|0.45887
031|079|0.4654
031|080|0.47608
031|081|0.46747
031|082|0.45343
031|083|0.47057
031|084|0.44769
031|085|0.47332
031|086|0.45814
031|087|0.45974
031|088|0.49177
031|089|0.4673
031|090|0.46606
031|091|0.46255
031|092|0.47507
031|093|0.4324
031|094|0.43416
031|095|0.481
031|096|0.46159
031|097|0.47136
031|098|0.47914
031|099|0.48536
031|100|0.49294
031|101|0.45533
031|102|0.4723
031|103|0.46412
031|104|0.48738
031|105|0.45637
031|106|0.44718
031|107|0.4454
031|108|0.48718
032|033|0.47736
032|034|0.4608
032|035|0.46565
032|036|0.47829
032|037|0.44866
032|038|0.45048
032|039|0.46077
032|040|0.46458
032|041|0.44871
032|042|0.46406
032|043|0.47173
032|044|0.45494
032|045|0.47451
032|046|0.47001
032|047|0.46531
032|048|0.45059
032|049|0.48932
032|050|0.4786
032|051|0.49509
032|052|0.4808
032|053|0.48408
032|054|0.46504
032|055|0.44347
032|056|0.46944
032|057|0.46682
032|058|0.47989
032|059|0.47734
032|060|0.48632
032|061|0.49
032|062|0.48048
032|063|0.47933
032|064|0.47847
032|065|0.4761
032|066|0.46987
032|067|0.46087
032|068|0.46167
032|069|0.46084
032|070|0.46703
032|071|0.47455
032|072|0.45495
032|073|0.47987
032|074|0.49708
032|075|0.46237
032|076|0.47181
032|077|0.47482
032|078|0.47446
032|079|0.45865
032|080|0.46269
032|081|0.45905
032|082|0.47317
032|083|0.48302
032|084|0.46025
032|085|0.454
032|086|0.48532
032|087|0.46807
032|088|0.49245
032|089|0.44648
032|090|0.49327
032|091|0.45373
032|092|0.46794
032|093|0.47523
032|094|0.45783
032|095|0.4824
032|096|0.49059
032|097|0.46898
032|098|0.48001
032|099|0.47347
032|100|0.47436
032|101|0.47387
032|102|0.48757
032|103|0.48615
032|104|0.48362
032|105|0.47057
032|106|0.47906
032|107|0.47403
032|108|0.48455
033|034|0.47679
033|035|0.46848
033|036|0.47788
033|037|0.47998
033|038|0.47629
033|039|0.47523
033|040|0.46355
033|041|0.43792
033|042|0.46394
033|043|0.49963
033|044|0.50101
033|045|0.46475
033|046|0.45101
033|047|0.45717
033|048|0.4542
033|049|0.48004
033|050|0.47065
033|051|0.48525
033|052|0.47328
033|053|0.44202
033|054|0.46031
033|055|0.45794
033|056|0.44595
033|057|0.45385
033|058|0.49804
033|059|0.49069
033|060|0.47955
033|061|0.47812
033|062|0.4598
033|063|0.49159
033|064|0.47276
033|065|0.46827
033|066|0.48739
033|067|0.4865
033|068|0.4902
033|069|0.47129
033|070|0.4768
033|071|0.47037
033|072|0.4418
033|073|0.44771
033|074|0.48542
033|075|0.47344
033|076|0.46752
033|077|0.47331
033|078|0.47409
033|079|0.48282
033|080|0.4903
033|081|0.47304
033|082|0.44401
033|083|0.47225
033|084|0.48398
033|085|0.48484
033|086|0.47646
033|087|0.47007
033|088|0.46482
033|089|0.48354
033|090|0.4947
033|091|0.46185
033|092|0.47043
033|093|0.44866
033|094|0.43181
033|095|0.49819
033|096|0.47131
033|097|0.47388
033|098|0.47037
033|099|0.46815
033|100|0.47444
033|101|0.4639
033|102|0.47405
033|103|0.47054
033|104|0.48559
033|105|0.46799
033|106|0.46212
033|107|0.48493
033|108|0.48427
034|035|0.46614
034|036|0.45314
034|037|0.46112
034|038|0.43557
034|039|0.47057
034|040|0.43054
034|041|0.45295
034|042|0.4371
034|043|0.46435
034|044|0.48115
034|045|0.44224
034|046|0.43268
034|047|0.47165
034|048|0.45411
034|049|0.43951
034|050|0.47554
034|051|0.47144
034|052|0.45981
034|053|0.45355
034|054|0.44921
034|055|0.47549
034|056|0.49112
034|057|0.46196
034|058|0.48619
034|059|0.44525
034|060|0.47726
034|061|0.44886
034|062|0.43744
034|063|0.46524
034|064|0.48014
034|065|0.46168
034|066|0.46262
034|067|0.4418
034|068|0.48977
034|069|0.45515
034|070|0.48566
034|071|0.44855
034|072|0.47995
034|073|0.46613
034|074|0.45913
034|075|0.4811
034|076|0.476
034|077|0.46171
034|078|0.46103
034|079|0.47194
034|080|0.48293
034|081|0.48095
034|082|0.4618
034|083|0.46933
034|084|0.43404
034|085|0.48386
034|086|0.46874
034|087|0.48622
034|088|0.47029
034|089|0.48304
034|090|0.45596
034|091|0.46614
034|092|0.45519
034|093|0.46452
034|094|0.46383
034|095|0.50369
034|096|0.43612
034|097|0.45119
034|098|0.45136
034|099|0.47841
034|100|0.46264
034|101|0.44196
034|102|0.44514
034|103|0.44905
034|104|0.48822
034|105|0.48934
034|106|0.44143
034|107|0.46701
034|108|0.47642
035|036|0.46976
035|037|0.46272
035|038|0.43921
035|039|0.4649
035|040|0.44977
035|041|0.44928
035|042|0.46911
035|043|0.46794
035|044|0.46021
035|045|0.47405
035|046|0.45878
035|047|0.47669
035|048|0.45526
035|049|0.48977
035|050|0.45818
035|051|0.47565
035|052|0.47988
035|053|0.47074
035|054|0.4769
035|055|0.46736
035|056|0.47905
035|057|0.47001
035|058|0.43988
035|059|0.47076
035|060|0.47717
035|061|0.4827
035|062|0.45045
035|063|0.47371
035|064|0.46142
035|065|0.48307
035|066|0.43008
035|067|0.45207
035|068|0.46555
035|069|0.46679
035|070|0.47059
035|071|0.46668
035|072|0.45426
035|073|0.44397
035|074|0.44422
035|075|0.4814
035|076|0.48251
035|077|0.4697
035|078|0.48179
035|079|0.46983
035|080|0.46673
035|081|0.456
035|082|0.45546
035|083|0.46134
035|084|0.44638
035|085|0.46162
035|086|0.46356
035|087|0.4533
035|088|0.48598
035|089|0.49262
035|090|0.46083
035|091|0.46238
035|092|0.44124
035|093|0.44412
035|094|0.46288
035|095|0.47971
035|096|0.46848
035|097|0.45171
035|098|0.47275
035|099|0.46743
035|100|0.48276
035|101|0.47283
035|102|0.4764
035|103|0.44566
035|104|0.45798
035|105|0.46008
035|106|0.45927
035|107|0.46972
035|108|0.45796
036|037|0.46715
036|038|0.47331
036|039|0.47537
036|040|0.47294
036|041|0.47671
036|042|0.46852
036|043|0.44436
036|044|0.45619
036|045|0.47533
036|046|0.47069
036|047|0.48619
036|048|0.47891
036|049|0.46929
036|050|0.47662
036|051|0.49107
036|052|0.48243
036|053|0.48362
036|054|0.47934
036|055|0.47492
036|056|0.48063
036|057|0.47574
036|058|0.47354
036|059|0.46098
036|060|0.47404
036|061|0.47968
036|062|0.4665
036|063|0.48566
036|064|0.47331
036|065|0.47139
036|066|0.46778
036|067|0.47948
036|068|0.4825
036|069|0.48385
036|070|0.46434
036|071|0.48091
036|072|0.4721
036|073|0.43275
036|074|0.47838
036|075|0.49261
036|076|0.46103
036|077|0.47908
036|078|0.47637
036|079|0.44882
036|080|0.44126
036|081|0.47931
036|082|0.49392
036|083|0.46811
036|084|0.48159
036|085|0.48205
036|086|0.50284
036|087|0.47121
036|088|0.46027
036|089|0.47739
036|090|0.47451
036|091|0.48328
036|092|0.43351
036|093|0.48348
036|094|0.47626
036|095|0.47628
036|096|0.49076
036|097|0.47182
036|098|0.47686
036|099|0.46804
036|100|0.476
036|101|0.48032
036|102|0.48427
036|103|0.47475
036|104|0.47853
036|105|0.47707
036|106|0.44966
036|107|0.45924
036|108|0.47623
037|038|0.46601
037|039|0.45713
037|040|0.49908
037|041|0.47537
037|042|0.45786
037|043|0.46433
037|044|0.48831
037|045|0.47453
037|046|0.45524
037|047|0.46034
037|048|0.46692
037|049|0.46314
037|050|0.46987
037|051|0.46895
037|052|0.48652
037|053|0.46785
037|054|0.47246
037|055|0.46912
037|056|0.49694
037|057|0.48085
037|058|0.47242
037|059|0.46832
037|060|0.47568
037|061|0.47818
037|062|0.48065
037|063|0.47432
037|064|0.45826
037|065|0.48656
037|066|0.46446
037|067|0.46473
037|068|0.48021
037|069|0.46475
037|070|0.46992
037|071|0.48837
037|072|0.46914
037|073|0.45572
037|074|0.45794
037|075|0.48418
037|076|0.45653
037|077|0.47768
037|078|0.47769
037|079|0.47386
037|080|0.4869
037|081|0.47898
037|082|0.43079
037|083|0.47151
037|084|0.47052
037|085|0.44808
037|086|0.48542
037|087|0.47652
037|088|0.4771
037|089|0.45949
037|090|0.46861
037|091|0.47571
037|092|0.47959
037|093|0.48182
037|094|0.45409
037|095|0.461
037|096|0.49413
037|097|0.48408
037|098|0.47226
037|099|0.47417
037|100|0.46004
037|101|0.47283
037|102|0.44649
037|103|0.47725
037|104|0.45646
037|105|0.47258
037|106|0.47125
037|107|0.47188
037|108|0.47063
038|039|0.4397
038|040|0.46496
038|041|0.46832
038|042|0.47061
038|043|0.49745
038|044|0.48793
038|045|0.49471
038|046|0.45442
038|047|0.48548
038|048|0.43253
038|049|0.43336
038|050|0.47428
038|051|0.48258
038|052|0.44512
038|053|0.48752
038|054|0.45104
038|055|0.46068
038|056|0.49352
038|057|0.469
038|058|0.45862
038|059|0.46033
038|060|0.47652
038|061|0.47618
038|062|0.47239
038|063|0.45476
038|064|0.47768
038|065|0.46659
038|066|0.45021
038|067|0.4629
038|068|0.50572
038|069|0.48323
038|070|0.4643
038|071|0.47665
038|072|0.46856
038|073|0.46532
038|074|0.46928
038|075|0.48211
038|076|0.49295
038|077|0.47646
038|078|0.45848
038|079|0.47213
038|080|0.45889
038|081|0.48748
038|082|0.46634
038|083|0.4795
038|084|0.43965
038|085|0.46449
038|086|0.45599
038|087|0.48138
038|088|0.49729
038|089|0.49649
038|090|0.45687
038|091|0.45627
038|092|0.445
038|093|0.47592
038|094|0.46434
038|095|0.48468
038|096|0.46784
038|097|0.45549
038|098|0.45249
038|099|0.4666
038|100|0.48876
038|101|0.44825
038|102|0.48119
038|103|0.43771
038|104|0.47886
038|105|0.48699
038|106|0.4424
038|107|0.46765
038|108|0.46217
039|040|0.48324
039|041|0.47145
039|042|0.46659
039|043|0.47139
039|044|0.44934
039|045|0.47703
039|046|0.47004
039|047|0.47791
039|048|0.45574
039|049|0.44655
039|050|0.4796
039|051|0.48353
039|052|0.46367
039|053|0.46109
039|054|0.46259
039|055|0.47629
039|056|0.47144
039|057|0.4572
039|058|0.46826
039|059|0.48779
039|060|0.44957
039|061|0.42596
039|062|0.48384
039|063|0.48227
039|064|0.46879
039|065|0.48207
039|066|0.47881
039|067|0.46707
039|068|0.47718
039|069|0.48121
039|070|0.47767
039|071|0.48593
039|072|0.46309
039|073|0.48865
039|074|0.46113
039|075|0.48203
039|076|0.47563
039|077|0.47517
039|078|0.48265
039|079|0.47372
039|080|0.44887
039|081|0.46699
039|082|0.45715
039|083|0.46701
039|084|0.46517
039|085|0.47685
039|086|0.45811
039|087|0.47048
039|088|0.48389
039|089|0.4654
039|090|0.48246
039|091|0.46297
039|092|0.47424
039|093|0.47879
039|094|0.45889
039|095|0.44748
039|096|0.48674
039|097|0.46914
039|098|0.47572
039|099|0.46962
039|100|0.46462
039|101|0.47167
039|102|0.48246
039|103|0.46177
039|104|0.47558
039|105|0.45654
039|106|0.45195
039|107|0.46921
039|108|0.47035
040|041|0.43788
040|042|0.48004
040|043|0.43828
040|044|0.46617
040|045|0.47242
040|046|0.45148
040|047|0.46926
040|048|0.44532
040|049|0.46679
040|050|0.46501
040|051|0.48536
040|052|0.45039
040|053|0.45663
040|054|0.45658
040|055|0.46739
040|056|0.4772
040|057|0.48557
040|058|0.42199
040|059|0.4743
040|060|0.48057
040|061|0.48549
040|062|0.46485
040|063|0.47014
040|064|0.48298
040|065|0.45777
040|066|0.47108
040|067|0.47051
040|068|0.48184
040|069|0.46639
040|070|0.47007
040|071|0.48168
040|072|0.47042
040|073|0.46326
040|074|0.47578
040|075|0.47058
040|076|0.48025
040|077|0.46588
040|078|0.45894
040|079|0.47815
040|080|0.44129
040|081|0.47606
040|082|0.46765
040|083|0.4826
040|084|0.47487
040|085|0.4636
040|086|0.47389
040|087|0.4616
040|088|0.45259
040|089|0.47325
040|090|0.45363
040|091|0.4562
040|092|0.47369
040|093|0.4441
040|094|0.47675
040|095|0.47329
040|096|0.46856
040|097|0.46018
040|098|0.46339
040|099|0.49312
040|100|0.45859
040|101|0.48856
040|102|0.4652
040|103|0.46223
040|104|0.45896
040|105|0.47677
040|106|0.45422
040|107|0.45543
040|108|0.48385
041|042|0.46026
041|043|0.46581
041|044|0.44554
041|045|0.42164
041|046|0.41268
041|047|0.48369
041|048|0.44554
041|049|0.47172
041|050|0.46296
041|051|0.45014
041|052|0.4777
041|053|0.43943
041|054|0.44548
041|055|0.44197
041|056|0.5013
041|057|0.46585
041|058|0.49052
041|059|0.46372
041|060|0.48402
041|061|0.46818
041|062|0.47937
041|063|0.47904
041|064|0.46575
041|065|0.4439
041|066|0.46829
041|067|0.45049
041|068|0.47834
041|069|0.44373
041|070|0.46351
041|071|0.47467
041|072|0.44911
041|073|0.42058
041|074|0.46128
041|075|0.47662
041|076|0.45832
041|077|0.45773
041|078|0.46072
041|079|0.45477
041|080|0.4639
041|081|0.46247
041|082|0.41116
041|083|0.4786
041|084|0.43979
041|085|0.45682
041|086|0.44964
041|087|0.49071
041|088|0.45876
041|089|0.47857
041|090|0.45367
041|091|0.4367
041|092|0.47135
041|093|0.44653
041|094|0.4445
041|095|0.48767
041|096|0.48937
041|097|0.46765
041|098|0.47709
041|099|0.45413
041|100|0.46636
041|101|0.43197
041|102|0.46621
041|103|0.49007
041|104|0.49312
041|105|0.48289
041|106|0.44286
041|107|0.45794
041|108|0.47743
042|043|0.48985
042|044|0.48781
042|045|0.46521
042|046|0.45508
042|047|0.45296
042|048|0.48802
042|049|0.44378
042|050|0.46895
042|051|0.48607
042|052|0.4596
042|053|0.47538
042|054|0.49429
042|055|0.48208
042|056|0.47072
042|057|0.46857
042|058|0.44254
042|059|0.47933
042|060|0.47427
042|061|0.47733
042|062|0.46069
042|063|0.46169
042|064|0.46706
042|065|0.47443
042|066|0.46989
042|067|0.43317
042|068|0.4852
042|069|0.47181
042|070|0.47395
042|071|0.49482
042|072|0.47214
042|073|0.45725
042|074|0.46306
042|075|0.49011
042|076|0.47735
042|077|0.47184
042|078|0.46104
042|079|0.4795
042|080|0.47662
042|081|0.47525
042|082|0.46358
042|083|0.48295
042|084|0.4625
042|085|0.49284
042|086|0.45571
042|087|0.46975
042|088|0.46831
042|089|0.48523
042|090|0.45039
042|091|0.46003
042|092|0.46726
042|093|0.4687
042|094|0.4437
042|095|0.48697
042|096|0.47675
042|097|0.4442
042|098|0.44749
042|099|0.47932
042|100|0.45491
042|101|0.46745
042|102|0.45928
042|103|0.45796
042|104|0.48342
042|105|0.48044
042|106|0.47345
042|107|0.47789
042|108|0.43577
043|044|0.45204
043|045|0.48155
043|046|0.47704
043|047|0.45407
043|048|0.43425
043|049|0.43942
043|050|0.46903
043|051|0.43054
043|052|0.4544
043|053|0.48807
043|054|0.4201
043|055|0.46303
043|056|0.46251
043|057|0.45569
043|058|0.39832
043|059|0.46406
043|060|0.47515
043|061|0.45441
043|062|0.4762
043|063|0.4806
043|064|0.46652
043|065|0.44828
043|066|0.48291
043|067|0.47667
043|068|0.45515
043|069|0.4867
043|070|0.42296
043|071|0.465
043|072|0.45322
043|073|0.49546
043|074|0.46925
043|075|0.44938
043|076|0.47333
043|077|0.45753
043|078|0.48732
043|079|0.46222
043|080|0.45465
043|081|0.44918
043|082|0.43147
043|083|0.49243
043|084|0.48424
043|085|0.45
043|086|0.46733
043|087|0.42786
043|088|0.46431
043|089|0.42899
043|090|0.4839
043|091|0.43436
043|092|0.47415
043|093|0.47466
043|094|0.46368
043|095|0.47092
043|096|0.49747
043|097|0.4469
043|098|0.46804
043|099|0.46173
043|100|0.44944
043|101|0.4623
043|102|0.48713
043|103|0.47225
043|104|0.48114
043|105|0.45982
043|106|0.49561
043|107|0.44874
043|108|0.5
044|045|0.46655
044|046|0.47127
044|047|0.46732
044|048|0.43993
044|049|0.4919
044|050|0.4774
044|051|0.45177
044|052|0.47029
044|053|0.46534
044|054|0.45442
044|055|0.43045
044|056|0.46059
044|057|0.44874
044|058|0.47977
044|059|0.46839
044|060|0.47503
044|061|0.47311
044|062|0.46747
044|063|0.48676
044|064|0.48224
044|065|0.47577
044|066|0.47036
044|067|0.4546
044|068|0.44854
044|069|0.47908
044|070|0.46606
044|071|0.47402
044|072|0.4722
044|073|0.44762
044|074|0.4783
044|075|0.48391
044|076|0.4802
044|077|0.47616
044|078|0.4967
044|079|0.44934
044|080|0.4606
044|081|0.46987
044|082|0.44815
044|083|0.47649
044|084|0.47414
044|085|0.48024
044|086|0.44054
044|087|0.47375
044|088|0.49026
044|089|0.46624
044|090|0.46334
044|091|0.4521
044|092|0.48349
044|093|0.47615
044|094|0.45905
044|095|0.44848
044|096|0.4952
044|097|0.4883
044|098|0.46463
044|099|0.46627
044|100|0.45994
044|101|0.42922
044|102|0.47733
044|103|0.47603
044|104|0.46213
044|105|0.48528
044|106|0.46888
044|107|0.46339
044|108|0.46555
045|046|0.45418
045|047|0.4873
045|048|0.46977
045|049|0.46117
045|050|0.49206
045|051|0.46624
045|052|0.49785
045|053|0.45889
045|054|0.45507
045|055|0.45982
045|056|0.47976
045|057|0.47469
045|058|0.50797
045|059|0.47194
045|060|0.46575
045|061|0.47753
045|062|0.49229
045|063|0.4743
045|064|0.48342
045|065|0.45948
045|066|0.47784
045|067|0.44219
045|068|0.48023
045|069|0.48581
045|070|0.46301
045|071|0.46369
045|072|0.44948
045|073|0.48599
045|074|0.46186
045|075|0.48285
045|076|0.4765
045|077|0.4745
045|078|0.47249
045|079|0.47318
045|080|0.46699
045|081|0.47896
045|082|0.46944
045|083|0.4737
045|084|0.47033
045|085|0.46924
045|086|0.44695
045|087|0.49258
045|088|0.47688
045|089|0.47196
045|090|0.49872
045|091|0.45523
045|092|0.46299
045|093|0.48118
045|094|0.45842
045|095|0.48087
045|096|0.47269
045|097|0.4723
045|098|0.47384
045|099|0.47324
045|100|0.46468
045|101|0.41528
045|102|0.46883
045|103|0.47084
045|104|0.46951
045|105|0.48439
045|106|0.46955
045|107|0.46419
045|108|0.48339
046|047|0.47821
046|048|0.44273
046|049|0.46093
046|050|0.48589
046|051|0.46381
046|052|0.45777
046|053|0.46265
046|054|0.4643
046|055|0.48078
046|056|0.48724
046|057|0.48469
046|058|0.42895
046|059|0.46105
046|060|0.44877
046|061|0.46419
046|062|0.46958
046|063|0.47868
046|064|0.48249
046|065|0.44653
046|066|0.44521
046|067|0.44961
046|068|0.4732
046|069|0.47024
046|070|0.48135
046|071|0.4721
046|072|0.4436
046|073|0.45102
046|074|0.46276
046|075|0.47216
046|076|0.46235
046|077|0.46514
046|078|0.45709
046|079|0.45496
046|080|0.45537
046|081|0.48581
046|082|0.43465
046|083|0.47834
046|084|0.46447
046|085|0.46945
046|086|0.46457
046|087|0.47695
046|088|0.48345
046|089|0.47259
046|090|0.47402
046|091|0.45198
046|092|0.47579
046|093|0.47699
046|094|0.46193
046|095|0.49069
046|096|0.47484
046|097|0.46875
046|098|0.46096
046|099|0.46434
046|100|0.47172
046|101|0.45608
046|102|0.46526
046|103|0.43666
046|104|0.47945
046|105|0.47953
046|106|0.45137
046|107|0.47489
046|108|0.46567
047|048|0.4663
047|049|0.46335
047|050|0.46871
047|051|0.47917
047|052|0.45511
047|053|0.45713
047|054|0.48761
047|055|0.49237
047|056|0.4769
047|057|0.47298
047|058|0.45786
047|059|0.47287
047|060|0.47407
047|061|0.47372
047|062|0.44848
047|063|0.4503
047|064|0.49116
047|065|0.47142
047|066|0.48375
047|067|0.46647
047|068|0.46479
047|069|0.48187
047|070|0.47944
047|071|0.4913
047|072|0.46788
047|073|0.46675
047|074|0.46677
047|075|0.47921
047|076|0.48605
047|077|0.48228
047|078|0.4714
047|079|0.46882
047|080|0.48872
047|081|0.46671
047|082|0.45296
047|083|0.47839
047|084|0.47141
047|085|0.48503
047|086|0.49229
047|087|0.4807
047|088|0.48935
047|089|0.4847
047|090|0.46696
047|091|0.46902
047|092|0.47815
047|093|0.46426
047|094|0.47143
047|095|0.4846
047|096|0.46687
047|097|0.47756
047|098|0.48017
047|099|0.488
047|100|0.47793
047|101|0.46298
047|102|0.47276
047|103|0.46429
047|104|0.45163
047|105|0.46493
047|106|0.48872
047|107|0.47101
047|108|0.4676
048|049|0.46905
048|050|0.46374
048|051|0.48346
048|052|0.45855
048|053|0.48237
048|054|0.43198
048|055|0.47487
048|056|0.45767
048|057|0.47474
048|058|0.46399
048|059|0.4784
048|060|0.46244
048|061|0.48109
048|062|0.45779
048|063|0.46009
048|064|0.48096
048|065|0.43051
048|066|0.45236
048|067|0.43407
048|068|0.49576
048|069|0.4381
048|070|0.43494
048|071|0.4682
048|072|0.43258
048|073|0.46204
048|074|0.45993
048|075|0.48179
048|076|0.45814
048|077|0.46584
048|078|0.44338
048|079|0.44965
048|080|0.44469
048|081|0.44711
048|082|0.4489
048|083|0.49913
048|084|0.42308
048|085|0.46283
048|086|0.44205
048|087|0.46888
048|088|0.48466
048|089|0.47993
048|090|0.45076
048|091|0.4618
048|092|0.48344
048|093|0.45295
048|094|0.43676
048|095|0.45245
048|096|0.47392
048|097|0.44661
048|098|0.48965
048|099|0.49206
048|100|0.43845
048|101|0.42614
048|102|0.49588
048|103|0.43931
048|104|0.47735
048|105|0.49491
048|106|0.45976
048|107|0.46651
048|108|0.4661
049|050|0.46872
049|051|0.46597
049|052|0.4632
049|053|0.4699
049|054|0.46683
049|055|0.47935
049|056|0.48467
049|057|0.45793
049|058|0.45322
049|059|0.43757
049|060|0.46511
049|061|0.47003
049|062|0.44194
049|063|0.46876
049|064|0.4589
049|065|0.46856
049|066|0.46291
049|067|0.40963
049|068|0.47792
049|069|0.4718
049|070|0.43909
049|071|0.45681
049|072|0.48587
049|073|0.46795
049|074|0.47865
049|075|0.48087
049|076|0.48496
049|077|0.48729
049|078|0.47991
049|079|0.46758
049|080|0.48572
049|081|0.48739
049|082|0.483
049|083|0.47035
049|084|0.46874
049|085|0.45308
049|086|0.46195
049|087|0.47863
049|088|0.45243
049|089|0.47409
049|090|0.44031
049|091|0.45808
049|092|0.44945
049|093|0.47981
049|094|0.44131
049|095|0.46691
049|096|0.47642
049|097|0.44437
049|098|0.45178
049|099|0.48542
049|100|0.48154
049|101|0.46977
049|102|0.47319
049|103|0.46553
049|104|0.47761
049|105|0.47399
049|106|0.44724
049|107|0.47083
049|108|0.45993
050|051|0.48028
050|052|0.48303
050|053|0.46898
050|054|0.48556
050|055|0.4694
050|056|0.44961
050|057|0.45519
050|058|0.46861
050|059|0.44482
050|060|0.48232
050|061|0.47018
050|062|0.47051
050|063|0.47792
050|064|0.46491
050|065|0.45078
050|066|0.4587
050|067|0.45833
050|068|0.4779
050|069|0.48311
050|070|0.46766
050|071|0.48317
050|072|0.48732
050|073|0.47529
050|074|0.47375
050|075|0.46601
050|076|0.4811
050|077|0.49513
050|078|0.47291
050|079|0.49294
050|080|0.48881
050|081|0.48728
050|082|0.4668
050|083|0.48304
050|084|0.48208
050|085|0.45418
050|086|0.45488
050|087|0.47322
050|088|0.45352
050|089|0.47169
050|090|0.45137
050|091|0.46307
050|092|0.46193
050|093|0.46868
050|094|0.47747
050|095|0.47576
050|096|0.46563
050|097|0.44894
050|098|0.46862
050|099|0.48769
050|100|0.46722
050|101|0.47868
050|102|0.45688
050|103|0.46592
050|104|0.49187
050|105|0.4608
050|106|0.48299
050|107|0.46034
050|108|0.45122
051|052|0.48158
051|053|0.4531
051|054|0.46824
051|055|0.47037
051|056|0.48216
051|057|0.47288
051|058|0.43404
051|059|0.47232
051|060|0.46191
051|061|0.47309
051|062|0.45727
051|063|0.45781
051|064|0.45938
051|065|0.43422
051|066|0.48041
051|067|0.44719
051|068|0.4813
051|069|0.45701
051|070|0.46226
051|071|0.47215
051|072|0.4724
051|073|0.46533
051|074|0.47412
051|075|0.46226
051|076|0.48594
051|077|0.45491
051|078|0.48926
051|079|0.48705
051|080|0.47933
051|081|0.47589
051|082|0.45952
051|083|0.49744
051|084|0.46221
051|085|0.47169
051|086|0.46427
051|087|0.48564
051|088|0.46177
051|089|0.44534
051|090|0.49535
051|091|0.44449
051|092|0.49571
051|093|0.46195
051|094|0.47039
051|095|0.47319
051|096|0.46817
051|097|0.47024
051|098|0.4404
051|099|0.48154
051|100|0.4446
051|101|0.45741
051|102|0.48363
051|103|0.48217
051|104|0.49141
051|105|0.45725
051|106|0.49978
051|107|0.47503
051|108|0.47757
052|053|0.48648
052|054|0.45845
052|055|0.46987
052|056|0.44086
052|057|0.4496
052|058|0.4152
052|059|0.46374
052|060|0.47925
052|061|0.48004
052|062|0.47397
052|063|0.45762
052|064|0.48022
052|065|0.46252
052|066|0.47287
052|067|0.49109
052|068|0.45011
052|069|0.46581
052|070|0.47027
052|071|0.47138
052|072|0.461
052|073|0.44895
052|074|0.48922
052|075|0.43647
052|076|0.4811
052|077|0.4622
052|078|0.45623
052|079|0.48865
052|080|0.4642
052|081|0.46908
052|082|0.46697
052|083|0.46052
052|084|0.46567
052|085|0.47319
052|086|0.47065
052|087|0.47447
052|088|0.49312
052|089|0.47808
052|090|0.47971
052|091|0.46895
052|092|0.48774
052|093|0.47712
052|094|0.48456
052|095|0.46321
052|096|0.44014
052|097|0.46809
052|098|0.44959
052|099|0.46128
052|100|0.45573
052|101|0.48396
052|102|0.44314
052|103|0.4853
052|104|0.47108
052|105|0.47486
052|106|0.46243
052|107|0.4882
052|108|0.4672
053|054|0.45881
053|055|0.4741
053|056|0.50821
053|057|0.48163
053|058|0.48714
053|059|0.44933
053|060|0.46418
053|061|0.46071
053|062|0.47285
053|063|0.48173
053|064|0.47274
053|065|0.4658
053|066|0.47583
053|067|0.42966
053|068|0.48581
053|069|0.45328
053|070|0.46333
053|071|0.46145
053|072|0.44682
053|073|0.47476
053|074|0.48283
053|075|0.46551
053|076|0.47162
053|077|0.46845
053|078|0.46236
053|079|0.48119
053|080|0.48963
053|081|0.49033
053|082|0.45646
053|083|0.48302
053|084|0.46939
053|085|0.47416
053|086|0.45406
053|087|0.49656
053|088|0.47114
053|089|0.47581
053|090|0.47883
053|091|0.44914
053|092|0.46298
053|093|0.46773
053|094|0.45689
053|095|0.48302
053|096|0.47735
053|097|0.45978
053|098|0.47305
053|099|0.48856
053|100|0.46166
053|101|0.42695
053|102|0.48446
053|103|0.48269
053|104|0.49221
053|105|0.46341
053|106|0.45473
053|107|0.4583
053|108|0.48598
054|055|0.4676
054|056|0.44193
054|057|0.47985
054|058|0.45372
054|059|0.48297
054|060|0.48953
054|061|0.46149
054|062|0.45225
054|063|0.46778
054|064|0.48175
054|065|0.4792
054|066|0.44569
054|067|0.46095
054|068|0.45453
054|069|0.46367
054|070|0.4654
054|071|0.47263
054|072|0.45402
054|073|0.47287
054|074|0.47123
054|075|0.47391
054|076|0.45049
054|077|0.49643
054|078|0.45552
054|079|0.45207
054|080|0.48158
054|081|0.45041
054|082|0.47387
054|083|0.47031
054|084|0.47708
054|085|0.46341
054|086|0.48668
054|087|0.45792
054|088|0.47266
054|089|0.47617
054|090|0.48737
054|091|0.4707
054|092|0.4632
054|093|0.47432
054|094|0.46279
054|095|0.48275
054|096|0.45442
054|097|0.49862
054|098|0.46703
054|099|0.45931
054|100|0.45061
054|101|0.45667
054|102|0.46532
054|103|0.47054
054|104|0.48654
054|105|0.46424
054|106|0.48814
054|107|0.44446
054|108|0.48333
055|056|0.47988
055|057|0.47198
055|058|0.48
055|059|0.47615
055|060|0.44978
055|061|0.44943
055|062|0.47541
055|063|0.48972
055|064|0.48152
055|065|0.46818
055|066|0.46134
055|067|0.47085
055|068|0.45645
055|069|0.48058
055|070|0.46737
055|071|0.4832
055|072|0.45273
055|073|0.44844
055|074|0.49428
055|075|0.45734
055|076|0.47043
055|077|0.47142
055|078|0.48482
055|079|0.46978
055|080|0.4585
055|081|0.48797
055|082|0.47053
055|083|0.47203
055|084|0.45944
055|085|0.45557
055|086|0.46096
055|087|0.4896
055|088|0.47585
055|089|0.47238
055|090|0.49632
055|091|0.46612
055|092|0.49495
055|093|0.47655
055|094|0.45399
055|095|0.48402
055|096|0.4849
055|097|0.48562
055|098|0.4576
055|099|0.47201
055|100|0.44728
055|101|0.4578
055|102|0.47643
055|103|0.47231
055|104|0.48962
055|105|0.47089
055|106|0.46241
055|107|0.46956
055|108|0.49807
056|057|0.44738
056|058|0.44265
056|059|0.46923
056|060|0.46842
056|061|0.47404
056|062|0.45391
056|063|0.45188
056|064|0.46735
056|065|0.47593
056|066|0.47128
056|067|0.47848
056|068|0.43619
056|069|0.47732
056|070|0.48594
056|071|0.46524
056|072|0.4777
056|073|0.45949
056|074|0.48802
056|075|0.45919
056|076|0.45235
056|077|0.44925
056|078|0.48412
056|079|0.46297
056|080|0.46203
056|081|0.46977
056|082|0.49901
056|083|0.46142
056|084|0.46269
056|085|0.4706
056|086|0.48078
056|087|0.47671
056|088|0.49895
056|089|0.44863
056|090|0.48122
056|091|0.48195
056|092|0.48547
056|093|0.46721
056|094|0.46316
056|095|0.46529
056|096|0.46231
056|097|0.49729
056|098|0.46343
056|099|0.45127
056|100|0.45164
056|101|0.47716
056|102|0.46354
056|103|0.49505
056|104|0.47266
056|105|0.46098
056|106|0.49471
056|107|0.48994
056|108|0.46811
057|058|0.48096
057|059|0.46041
057|060|0.47767
057|061|0.4637
057|062|0.46915
057|063|0.47847
057|064|0.47812
057|065|0.45221
057|066|0.46079
057|067|0.47861
057|068|0.47379
057|069|0.47657
057|070|0.46602
057|071|0.46312
057|072|0.4727
057|073|0.47261
057|074|0.47519
057|075|0.4901
057|076|0.4753
057|077|0.48021
057|078|0.48321
057|079|0.4774
057|080|0.47522
057|081|0.48414
057|082|0.46588
057|083|0.48276
057|084|0.46382
057|085|0.45861
057|086|0.46013
057|087|0.50176
057|088|0.47643
057|089|0.45171
057|090|0.46434
057|091|0.47036
057|092|0.45875
057|093|0.47119
057|094|0.43506
057|095|0.48213
057|096|0.48012
057|097|0.45179
057|098|0.46522
057|099|0.4691
057|100|0.48363
057|101|0.45786
057|102|0.46718
057|103|0.47861
057|104|0.47751
057|105|0.47784
057|106|0.47937
057|107|0.47506
057|108|0.49101
058|059|0.46174
058|060|0.46686
058|061|0.45076
058|062|0.43487
058|063|0.42805
058|064|0.4622
058|065|0.46164
058|066|0.45694
058|067|0.48732
058|068|0.45152
058|069|0.49412
058|070|0.46737
058|071|0.45507
058|072|0.44413
058|073|0.47331
058|074|0.46768
058|075|0.45367
058|076|0.47093
058|077|0.47478
058|078|0.47137
058|079|0.4521
058|080|0.45146
058|081|0.47399
058|082|0.46458
058|083|0.47328
058|084|0.46917
058|085|0.49107
058|086|0.47134
058|087|0.44507
058|088|0.48465
058|089|0.47887
058|090|0.48282
058|091|0.45756
058|092|0.47789
058|093|0.44325
058|094|0.47943
058|095|0.46015
058|096|0.47239
058|097|0.48456
058|098|0.46122
058|099|0.4759
058|100|0.46431
058|101|0.46757
058|102|0.5
058|103|0.47802
058|104|0.45093
058|105|0.47069
058|106|0.5027
058|107|0.49006
058|108|0.48134
059|060|0.43014
059|061|0.46467
059|062|0.46487
059|063|0.47111
059|064|0.47349
059|065|0.47295
059|066|0.4764
059|067|0.4536
059|068|0.47905
059|069|0.48775
059|070|0.45364
059|071|0.48165
059|072|0.47874
059|073|0.48082
059|074|0.46878
059|075|0.4566
059|076|0.47945
059|077|0.46194
059|078|0.47586
059|079|0.46459
059|080|0.46713
059|081|0.47256
059|082|0.46143
059|083|0.50557
059|084|0.45882
059|085|0.46469
059|086|0.4655
059|087|0.48421
059|088|0.48626
059|089|0.44473
059|090|0.44903
059|091|0.45348
059|092|0.45613
059|093|0.4758
059|094|0.44691
059|095|0.47371
059|096|0.48161
059|097|0.45203
059|098|0.46166
059|099|0.45993
059|100|0.48411
059|101|0.46491
059|102|0.4739
059|103|0.48215
059|104|0.48389
059|105|0.4754
059|106|0.48527
059|107|0.46727
059|108|0.48365
060|061|0.47335
060|062|0.48182
060|063|0.45421
060|064|0.48778
060|065|0.42525
060|066|0.47174
060|067|0.46315
060|068|0.48417
060|069|0.47834
060|070|0.46083
060|071|0.47497
060|072|0.48667
060|073|0.48966
060|074|0.47764
060|075|0.47042
060|076|0.47942
060|077|0.47565
060|078|0.46314
060|079|0.47853
060|080|0.47395
060|081|0.45617
060|082|0.45771
060|083|0.46377
060|084|0.47937
060|085|0.47092
060|086|0.45597
060|087|0.46673
060|088|0.47627
060|089|0.45769
060|090|0.46451
060|091|0.44542
060|092|0.472
060|093|0.47402
060|094|0.47323
060|095|0.4744
060|096|0.48397
060|097|0.46228
060|098|0.45548
060|099|0.47227
060|100|0.45613
060|101|0.45807
060|102|0.47505
060|103|0.48506
060|104|0.48372
060|105|0.47733
060|106|0.46213
060|107|0.48046
060|108|0.47838
061|062|0.46398
061|063|0.47439
061|064|0.44346
061|065|0.46038
061|066|0.47748
061|067|0.47767
061|068|0.47952
061|069|0.47819
061|070|0.47627
061|071|0.46629
061|072|0.48142
061|073|0.50141
061|074|0.49147
061|075|0.48188
061|076|0.45908
061|077|0.48307
061|078|0.44277
061|079|0.48552
061|080|0.47033
061|081|0.44888
061|082|0.47152
061|083|0.46882
061|084|0.46864
061|085|0.45966
061|086|0.481
061|087|0.48132
061|088|0.48584
061|089|0.47608
061|090|0.47198
061|091|0.4744
061|092|0.48684
061|093|0.45603
061|094|0.48505
061|095|0.47868
061|096|0.45791
061|097|0.49381
061|098|0.46513
061|099|0.45041
061|100|0.47633
061|101|0.4785
061|102|0.49819
061|103|0.43922
061|104|0.47285
061|105|0.47968
061|106|0.47844
061|107|0.46375
061|108|0.45536
062|063|0.47431
062|064|0.45059
062|065|0.44729
062|066|0.47048
062|067|0.45991
062|068|0.48517
062|069|0.4664
062|070|0.47029
062|071|0.46906
062|072|0.4926
062|073|0.41772
062|074|0.4223
062|075|0.46964
062|076|0.47368
062|077|0.47413
062|078|0.47655
062|079|0.47574
062|080|0.48114
062|081|0.47726
062|082|0.46946
062|083|0.46441
062|084|0.47844
062|085|0.48386
062|086|0.46916
062|087|0.47195
062|088|0.44957
062|089|0.48645
062|090|0.46022
062|091|0.49409
062|092|0.48001
062|093|0.48644
062|094|0.45103
062|095|0.47551
062|096|0.48018
062|097|0.47576
062|098|0.46736
062|099|0.46774
062|100|0.4682
062|101|0.44447
062|102|0.47502
062|103|0.45534
062|104|0.49197
062|105|0.48269
062|106|0.46057
062|107|0.47046
062|108|0.46707
063|064|0.46129
063|065|0.47162
063|066|0.46591
063|067|0.46526
063|068|0.43517
063|069|0.47066
063|070|0.48881
063|071|0.47697
063|072|0.48869
063|073|0.44141
063|074|0.47886
063|075|0.4705
063|076|0.4605
063|077|0.48155
063|078|0.47988
063|079|0.4683
063|080|0.45389
063|081|0.47271
063|082|0.47074
063|083|0.46674
063|084|0.47406
063|085|0.45899
063|086|0.46865
063|087|0.48549
063|088|0.4659
063|089|0.47258
063|090|0.4594
063|091|0.44938
063|092|0.47358
063|093|0.46218
063|094|0.48637
063|095|0.48549
063|096|0.48318
063|097|0.47541
063|098|0.41925
063|099|0.45707
063|100|0.45065
063|101|0.45134
063|102|0.47952
063|103|0.46082
063|104|0.47965
063|105|0.44211
063|106|0.46876
063|107|0.48502
063|108|0.46483
064|065|0.4859
064|066|0.4662
064|067|0.45403
064|068|0.47542
064|069|0.46027
064|070|0.46807
064|071|0.47746
064|072|0.46134
064|073|0.47465
064|074|0.4861
064|075|0.45608
064|076|0.47075
064|077|0.49868
064|078|0.4706
064|079|0.48275
064|080|0.46269
064|081|0.48306
064|082|0.46051
064|083|0.48132
064|084|0.46411
064|085|0.47586
064|086|0.47963
064|087|0.45011
064|088|0.47725
064|089|0.46641
064|090|0.49072
064|091|0.45936
064|092|0.45773
064|093|0.48158
064|094|0.47861
064|095|0.48747
064|096|0.44142
064|097|0.45812
064|098|0.46682
064|099|0.45567
064|100|0.46904
064|101|0.46465
064|102|0.48977
064|103|0.47037
064|104|0.47704
064|105|0.47349
064|106|0.48471
064|107|0.48674
064|108|0.4778
065|066|0.45672
065|067|0.44463
065|068|0.47198
065|069|0.46954
065|070|0.42372
065|071|0.46329
065|072|0.45263
065|073|0.44624
065|074|0.47567
065|075|0.47088
065|076|0.4862
065|077|0.46173
065|078|0.47379
065|079|0.47119
065|080|0.47045
065|081|0.47757
065|082|0.45859
065|083|0.50166
065|084|0.47344
065|085|0.47548
065|086|0.42348
065|087|0.44845
065|088|0.45921
065|089|0.44956
065|090|0.46059
065|091|0.43774
065|092|0.47408
065|093|0.47231
065|094|0.47008
065|095|0.48303
065|096|0.48787
065|097|0.47083
065|098|0.44788
065|099|0.48109
065|100|0.44382
065|101|0.45173
065|102|0.47354
065|103|0.4659
065|104|0.48571
065|105|0.45663
065|106|0.47406
065|107|0.4374
065|108|0.48113
066|067|0.46286
066|068|0.47827
066|069|0.46348
066|070|0.47048
066|071|0.49257
066|072|0.45054
066|073|0.41678
066|074|0.46745
066|075|0.4702
066|076|0.48871
066|077|0.46158
066|078|0.47263
066|079|0.45729
066|080|0.45759
066|081|0.46419
066|082|0.42357
066|083|0.47581
066|084|0.47058
066|085|0.44964
066|086|0.43127
066|087|0.46552
066|088|0.47812
066|089|0.47464
066|090|0.46964
066|091|0.45486
066|092|0.45509
066|093|0.44458
066|094|0.46329
066|095|0.48914
066|096|0.45929
066|097|0.47876
066|098|0.47553
066|099|0.47994
066|100|0.46926
066|101|0.42597
066|102|0.44327
066|103|0.4219
066|104|0.47864
066|105|0.48202
066|106|0.43514
066|107|0.46427
066|108|0.45911
067|068|0.48275
067|069|0.47391
067|070|0.43369
067|071|0.48464
067|072|0.47515
067|073|0.47793
067|074|0.49162
067|075|0.47572
067|076|0.43705
067|077|0.47426
067|078|0.50074
067|079|0.45032
067|080|0.45595
067|081|0.4986
067|082|0.45514
067|083|0.48663
067|084|0.42365
067|085|0.45946
067|086|0.43874
067|087|0.47849
067|088|0.47061
067|089|0.45088
067|090|0.43853
067|091|0.40364
067|092|0.42775
067|093|0.45467
067|094|0.44278
067|095|0.47892
067|096|0.45444
067|097|0.4319
067|098|0.43437
067|099|0.48462
067|100|0.4717
067|101|0.42541
067|102|0.4723
067|103|0.45888
067|104|0.46713
067|105|0.44699
067|106|0.48398
067|107|0.44858
067|108|0.42998
068|069|0.47401
068|070|0.46857
068|071|0.45695
068|072|0.45785
068|073|0.49874
068|074|0.49217
068|075|0.46626
068|076|0.46454
068|077|0.46293
068|078|0.49872
068|079|0.46738
068|080|0.47003
068|081|0.47103
068|082|0.4707
068|083|0.47745
068|084|0.46813
068|085|0.45768
068|086|0.49844
068|087|0.44814
068|088|0.48926
068|089|0.44426
068|090|0.47328
068|091|0.4692
068|092|0.47327
068|093|0.48748
068|094|0.48067
068|095|0.46452
068|096|0.47437
068|097|0.47573
068|098|0.48129
068|099|0.45559
068|100|0.4622
068|101|0.4717
068|102|0.48622
068|103|0.43973
068|104|0.46184
068|105|0.48414
068|106|0.50048
068|107|0.46313
068|108|0.46812
069|070|0.47313
069|071|0.47152
069|072|0.46683
069|073|0.46842
069|074|0.43287
069|075|0.4852
069|076|0.48132
069|077|0.43535
069|078|0.43811
069|079|0.46971
069|080|0.47169
069|081|0.47064
069|082|0.46609
069|083|0.45839
069|084|0.45554
069|085|0.46207
069|086|0.47254
069|087|0.45587
069|088|0.48584
069|089|0.46541
069|090|0.45861
069|091|0.45913
069|092|0.47698
069|093|0.47056
069|094|0.46006
069|095|0.48558
069|096|0.49267
069|097|0.47279
069|098|0.49361
069|099|0.46968
069|100|0.45913
069|101|0.45917
069|102|0.47074
069|103|0.46073
069|104|0.47958
069|105|0.48635
069|106|0.46335
069|107|0.47507
069|108|0.46411
070|071|0.47002
070|072|0.4704
070|073|0.45361
070|074|0.48271
070|075|0.47263
070|076|0.46576
070|077|0.44504
070|078|0.48469
070|079|0.45316
070|080|0.48101
070|081|0.4882
070|082|0.47459
070|083|0.50065
070|084|0.47967
070|085|0.4844
070|086|0.4805
070|087|0.48567
070|088|0.47363
070|089|0.48729
070|090|0.4796
070|091|0.4362
070|092|0.46526
070|093|0.45947
070|094|0.44974
070|095|0.47554
070|096|0.4802
070|097|0.46709
070|098|0.46856
070|099|0.48653
070|100|0.46703
070|101|0.47839
070|102|0.48247
070|103|0.44177
070|104|0.48003
070|105|0.48849
070|106|0.48006
070|107|0.47436
070|108|0.46472
071|072|0.4733
071|073|0.48293
071|074|0.47829
071|075|0.4775
071|076|0.48153
071|077|0.47672
071|078|0.48581
071|079|0.45123
071|080|0.47171
071|081|0.47669
071|082|0.47802
071|083|0.48108
071|084|0.46402
071|085|0.48181
071|086|0.45667
071|087|0.46765
071|088|0.47164
071|089|0.46612
071|090|0.48109
071|091|0.49367
071|092|0.46897
071|093|0.47258
071|094|0.47613
071|095|0.46696
071|096|0.46892
071|097|0.48019
071|098|0.47768
071|099|0.47407
071|100|0.47015
071|101|0.46573
071|102|0.48376
071|103|0.45342
071|104|0.47526
071|105|0.47208
071|106|0.48039
071|107|0.48466
071|108|0.47366
072|073|0.49041
072|074|0.48499
072|075|0.46724
072|076|0.46387
072|077|0.47163
072|078|0.46837
072|079|0.45313
072|080|0.48111
072|081|0.47017
072|082|0.44802
072|083|0.47695
072|084|0.4761
072|085|0.47893
072|086|0.47369
072|087|0.46957
072|088|0.47543
072|089|0.4793
072|090|0.48242
072|091|0.46452
072|092|0.46245
072|093|0.46967
072|094|0.46004
072|095|0.48625
072|096|0.45648
072|097|0.46378
072|098|0.45904
072|099|0.45357
072|100|0.4698
072|101|0.45271
072|102|0.46764
072|103|0.49928
072|104|0.47361
072|105|0.44855
072|106|0.48718
072|107|0.47745
072|108|0.47835
073|074|0.44833
073|075|0.4809
073|076|0.46745
073|077|0.44655
073|078|0.45769
073|079|0.4699
073|080|0.46402
073|081|0.46817
073|082|0.47468
073|083|0.47011
073|084|0.47762
073|085|0.46478
073|086|0.44706
073|087|0.49429
073|088|0.45829
073|089|0.49496
073|090|0.45162
073|091|0.48866
073|092|0.48489
073|093|0.46
073|094|0.47101
073|095|0.48818
073|096|0.47247
073|097|0.47078
073|098|0.4755
073|099|0.49126
073|100|0.47619
073|101|0.44509
073|102|0.46372
073|103|0.45777
073|104|0.49166
073|105|0.48472
073|106|0.45679
073|107|0.47157
073|108|0.47155
074|075|0.45249
074|076|0.46041
074|077|0.45714
074|078|0.46412
074|079|0.46356
074|080|0.46889
074|081|0.47127
074|082|0.47716
074|083|0.46302
074|084|0.477
074|085|0.46372
074|086|0.48178
074|087|0.4625
074|088|0.47329
074|089|0.46308
074|090|0.47156
074|091|0.48737
074|092|0.46736
074|093|0.46395
074|094|0.48599
074|095|0.48523
074|096|0.48586
074|097|0.47582
074|098|0.47889
074|099|0.47287
074|100|0.47182
074|101|0.45889
074|102|0.4552
074|103|0.42758
074|104|0.48305
074|105|0.48126
074|106|0.45113
074|107|0.48925
074|108|0.43844
075|076|0.48311
075|077|0.46047
075|078|0.48395
075|079|0.48922
075|080|0.48006
075|081|0.49008
075|082|0.48218
075|083|0.50515
075|084|0.46967
075|085|0.47306
075|086|0.47736
075|087|0.47329
075|088|0.48164
075|089|0.44423
075|090|0.49043
075|091|0.48319
075|092|0.4954
075|093|0.48409
075|094|0.46236
075|095|0.45926
075|096|0.46124
075|097|0.45858
075|098|0.46599
075|099|0.47345
075|100|0.44843
075|101|0.46865
075|102|0.4538
075|103|0.49226
075|104|0.4668
075|105|0.44613
075|106|0.49091
075|107|0.46389
075|108|0.48714
076|077|0.48202
076|078|0.47618
076|079|0.45742
076|080|0.47094
076|081|0.48056
076|082|0.44862
076|083|0.47979
076|084|0.43619
076|085|0.45325
076|086|0.46359
076|087|0.45656
076|088|0.47887
076|089|0.46153
076|090|0.47385
076|091|0.4662
076|092|0.47038
076|093|0.44883
076|094|0.47595
076|095|0.46112
076|096|0.46507
076|097|0.47388
076|098|0.46358
076|099|0.48168
076|100|0.47925
076|101|0.47903
076|102|0.47554
076|103|0.47613
076|104|0.4597
076|105|0.47342
076|106|0.49015
076|107|0.48055
076|108|0.46716
077|078|0.4771
077|079|0.48765
077|080|0.46932
077|081|0.45769
077|082|0.46676
077|083|0.50232
077|084|0.47115
077|085|0.45529
077|086|0.47033
077|087|0.47319
077|088|0.48207
077|089|0.46681
077|090|0.47666
077|091|0.46359
077|092|0.46683
077|093|0.48471
077|094|0.46902
077|095|0.48664
077|096|0.50391
077|097|0.48016
077|098|0.4619
077|099|0.46995
077|100|0.47918
077|101|0.46831
077|102|0.48146
077|103|0.46442
077|104|0.48887
077|105|0.50466
077|106|0.45176
077|107|0.46058
077|108|0.46441
078|079|0.45857
078|080|0.46512
078|081|0.4865
078|082|0.47716
078|083|0.4838
078|084|0.48392
078|085|0.47074
078|086|0.48058
078|087|0.45754
078|088|0.47687
078|089|0.47958
078|090|0.46847
078|091|0.46384
078|092|0.48014
078|093|0.48241
078|094|0.48313
078|095|0.47355
078|096|0.49575
078|097|0.46039
078|098|0.49581
078|099|0.47425
078|100|0.47097
078|101|0.48825
078|102|0.48116
078|103|0.44492
078|104|0.46403
078|105|0.48724
078|106|0.48071
078|107|0.4917
078|108|0.47127
079|080|0.46045
079|081|0.4627
079|082|0.4595
079|083|0.46701
079|084|0.45571
079|085|0.46177
079|086|0.45471
079|087|0.4614
079|088|0.48212
079|089|0.48461
079|090|0.48746
079|091|0.46435
079|092|0.47979
079|093|0.47612
079|094|0.45789
079|095|0.47042
079|096|0.49007
079|097|0.46706
079|098|0.46275
079|099|0.45828
079|100|0.48513
079|101|0.42948
079|102|0.45859
079|103|0.45533
079|104|0.44444
079|105|0.45882
079|106|0.44077
079|107|0.4753
079|108|0.46723
080|081|0.47172
080|082|0.47223
080|083|0.49092
080|084|0.45771
080|085|0.45296
080|086|0.49324
080|087|0.45519
080|088|0.4624
080|089|0.46158
080|090|0.46249
080|091|0.46332
080|092|0.47759
080|093|0.48566
080|094|0.46485
080|095|0.46956
080|096|0.49
080|097|0.4831
080|098|0.47329
080|099|0.47166
080|100|0.4606
080|101|0.46975
080|102|0.47965
080|103|0.46643
080|104|0.46737
080|105|0.47644
080|106|0.47087
080|107|0.47975
080|108|0.45608
081|082|0.46643
081|083|0.45858
081|084|0.46646
081|085|0.46884
081|086|0.47995
081|087|0.44017
081|088|0.48695
081|089|0.4693
081|090|0.46469
081|091|0.4638
081|092|0.45689
081|093|0.4701
081|094|0.45448
081|095|0.44253
081|096|0.48237
081|097|0.47369
081|098|0.50016
081|099|0.46702
081|100|0.46171
081|101|0.4815
081|102|0.47836
081|103|0.4463
081|104|0.45586
081|105|0.4557
081|106|0.45754
081|107|0.46734
081|108|0.45042
082|083|0.48174
082|084|0.45038
082|085|0.45639
082|086|0.45417
082|087|0.47277
082|088|0.46964
082|089|0.46464
082|090|0.47434
082|091|0.41884
082|092|0.47901
082|093|0.4688
082|094|0.45018
082|095|0.48448
082|096|0.46992
082|097|0.47927
082|098|0.45826
082|099|0.46922
082|100|0.45514
082|101|0.4407
082|102|0.46303
082|103|0.47925
082|104|0.49138
082|105|0.48637
082|106|0.44343
082|107|0.46546
082|108|0.47372
083|084|0.49732
083|085|0.49277
083|086|0.50615
083|087|0.46671
083|088|0.49014
083|089|0.4709
083|090|0.45017
083|091|0.48374
083|092|0.47936
083|093|0.4823
083|094|0.48704
083|095|0.46435
083|096|0.47356
083|097|0.45341
083|098|0.50478
083|099|0.45675
083|100|0.47361
083|101|0.47353
083|102|0.48315
083|103|0.47462
083|104|0.46217
083|105|0.47555
083|106|0.47978
083|107|0.49151
083|108|0.4826
084|085|0.43816
084|086|0.44826
084|087|0.48073
084|088|0.47422
084|089|0.47887
084|090|0.47744
084|091|0.45004
084|092|0.46807
084|093|0.47475
084|094|0.45474
084|095|0.4745
084|096|0.49048
084|097|0.46121
084|098|0.46495
084|099|0.47632
084|100|0.46287
084|101|0.44902
084|102|0.46078
084|103|0.48285
084|104|0.47547
084|105|0.46541
084|106|0.43101
084|107|0.46683
084|108|0.48963
085|086|0.45228
085|087|0.49194
085|088|0.46428
085|089|0.46615
085|090|0.48285
085|091|0.46219
085|092|0.49403
085|093|0.46269
085|094|0.45883
085|095|0.47993
085|096|0.49502
085|097|0.43911
085|098|0.46432
085|099|0.49142
085|100|0.45282
085|101|0.46818
085|102|0.47326
085|103|0.45517
085|104|0.47834
085|105|0.48769
085|106|0.46609
085|107|0.44963
085|108|0.47414
086|087|0.46787
086|088|0.45014
086|089|0.47556
086|090|0.47349
086|091|0.44957
086|092|0.47873
086|093|0.4597
086|094|0.45583
086|095|0.46167
086|096|0.47303
086|097|0.47667
086|098|0.45384
086|099|0.48081
086|100|0.45816
086|101|0.41271
086|102|0.47749
086|103|0.45433
086|104|0.50482
086|105|0.47913
086|106|0.45743
086|107|0.46742
086|108|0.48248
087|088|0.4785
087|089|0.45469
087|090|0.46898
087|091|0.4807
087|092|0.46455
087|093|0.48117
087|094|0.46724
087|095|0.47899
087|096|0.48545
087|097|0.45964
087|098|0.47921
087|099|0.44601
087|100|0.47916
087|101|0.48392
087|102|0.50517
087|103|0.45775
087|104|0.43697
087|105|0.45309
087|106|0.47426
087|107|0.48031
087|108|0.48157
088|089|0.4921
088|090|0.47124
088|091|0.48939
088|092|0.46571
088|093|0.4744
088|094|0.48425
088|095|0.46965
088|096|0.47141
088|097|0.45673
088|098|0.46148
088|099|0.485
088|100|0.46045
088|101|0.44711
088|102|0.48375
088|103|0.47034
088|104|0.50716
088|105|0.4821
088|106|0.48053
088|107|0.47435
088|108|0.47641
089|090|0.47669
089|091|0.45026
089|092|0.48482
089|093|0.46443
089|094|0.4656
089|095|0.46443
089|096|0.4783
089|097|0.45724
089|098|0.458
089|099|0.45701
089|100|0.46741
089|101|0.47591
089|102|0.48403
089|103|0.48643
089|104|0.47285
089|105|0.47066
089|106|0.48626
089|107|0.46525
089|108|0.49188
090|091|0.4771
090|092|0.4789
090|093|0.48076
090|094|0.4741
090|095|0.4711
090|096|0.4516
090|097|0.45576
090|098|0.47807
090|099|0.47793
090|100|0.50737
090|101|0.47055
090|102|0.47538
090|103|0.47168
090|104|0.47953
090|105|0.48197
090|106|0.45236
090|107|0.49276
090|108|0.47194
091|092|0.4602
091|093|0.45589
091|094|0.45412
091|095|0.46311
091|096|0.44281
091|097|0.47254
091|098|0.4587
091|099|0.45811
091|100|0.44088
091|101|0.43149
091|102|0.47087
091|103|0.44442
091|104|0.47727
091|105|0.47033
091|106|0.44752
091|107|0.45287
091|108|0.43781
092|093|0.46522
092|094|0.44397
092|095|0.49058
092|096|0.46607
092|097|0.4384
092|098|0.45022
092|099|0.48324
092|100|0.49253
092|101|0.45214
092|102|0.44669
092|103|0.45536
092|104|0.46669
092|105|0.46167
092|106|0.47467
092|107|0.4739
092|108|0.45199
093|094|0.45007
093|095|0.4628
093|096|0.46549
093|097|0.45608
093|098|0.48611
093|099|0.46949
093|100|0.48012
093|101|0.44129
093|102|0.47189
093|103|0.46485
093|104|0.47599
093|105|0.46641
093|106|0.48005
093|107|0.46433
093|108|0.47489
094|095|0.47694
094|096|0.4857
094|097|0.46378
094|098|0.43254
094|099|0.46535
094|100|0.44109
094|101|0.44677
094|102|0.46982
094|103|0.47838
094|104|0.49298
094|105|0.45813
094|106|0.46083
094|107|0.42628
094|108|0.47025
095|096|0.48608
095|097|0.49555
095|098|0.48405
095|099|0.48656
095|100|0.48931
095|101|0.48379
095|102|0.50194
095|103|0.47432
095|104|0.45647
095|105|0.4759
095|106|0.48863
095|107|0.48471
095|108|0.4798
096|097|0.47061
096|098|0.46769
096|099|0.49294
096|100|0.49963
096|101|0.48935
096|102|0.46382
096|103|0.47967
096|104|0.48059
096|105|0.47175
096|106|0.46663
096|107|0.4832
096|108|0.44779
097|098|0.47401
097|099|0.4821
097|100|0.48315
097|101|0.48186
097|102|0.48216
097|103|0.44232
097|104|0.48284
097|105|0.45957
097|106|0.45892
097|107|0.47457
097|108|0.47776
098|099|0.42416
098|100|0.46189
098|101|0.45893
098|102|0.49197
098|103|0.46592
098|104|0.44859
098|105|0.45045
098|106|0.48413
098|107|0.46572
098|108|0.48683
099|100|0.46644
099|101|0.46326
099|102|0.46417
099|103|0.48405
099|104|0.45487
099|105|0.47329
099|106|0.45548
099|107|0.48192
099|108|0.45743
100|101|0.46439
100|102|0.48263
100|103|0.47914
100|104|0.46987
100|105|0.45046
100|106|0.47422
100|107|0.46008
100|108|0.48978
101|102|0.4425
101|103|0.46724
101|104|0.49428
101|105|0.49007
101|106|0.46361
101|107|0.4463
101|108|0.47172
102|103|0.4687
102|104|0.47163
102|105|0.46913
102|106|0.45376
102|107|0.48039
102|108|0.47173
103|104|0.4764
103|105|0.49083
103|106|0.46166
103|107|0.47593
103|108|0.44099
104|105|0.48144
104|106|0.45537
104|107|0.47051
104|108|0.47495
105|106|0.44955
105|107|0.48788
105|108|0.48274
106|107|0.44995
106|108|0.46673
107|108|0.49051
