100.0 0.0
100.0 0.0
100.0 0.0
100.0 0.0
100.0 0.0
100.0 0.0
100.0 0.0
100.0 0.0
100.0 0.0
100.0 0.0
100.0 0.0
100.0 0.0
100.0 0.0
100.0 0.0
100.0 0.0
99.8236331569665 0.0
99.33862433862434 0.0
98.58906525573192 0.0
97.61904761904762 0.0
95.72310405643739 0.0
93.5626102292769 0.0
91.04938271604938 0.0
87.56613756613757 0.0
83.73015873015873 0.0
78.79188712522046 0.0
74.2063492063492 0.0
68.91534391534391 0.0
63.00705467372134 0.0
57.495590828924165 0.0
51.23456790123457 0.0
44.48853615520282 0.0
38.888888888888886 0.0
32.71604938271605 0.0
27.954144620811288 0.0
24.206349206349206 0.017307026652821047
20.149911816578484 0.034614053305642094
16.44620811287478 0.10384215991692627
13.227513227513228 0.25960539979231567
10.802469135802468 0.5711318795430945
8.421516754850089 1.2980269989615785
5.731922398589065 2.8902734510211148
4.320987654320987 5.728625822083766
3.4832451499118164 10.574593284873659
2.1604938271604937 17.722395292488752
1.3668430335097002 28.400830737279335
0.6172839506172839 43.40602284527518
0.30864197530864196 60.43613707165109
0.1763668430335097 77.41433021806854
0.08818342151675485 89.5465559016961
0.0 95.96746278989269
0.0 98.63274489442713
0.0 99.48078920041537
0.0 99.93077189338871
0.0 99.98269297334718
0.0 100.0
0.0 100.0
0.0 100.0
0.0 100.0
0.0 100.0
0.0 100.0
0.0 100.0
0.0 100.0
0.0 100.0
0.0 100.0
0.0 100.0
0.0 100.0
0.0 100.0
0.0 100.0
0.0 100.0
0.0 100.0
0.0 100.0
0.0 100.0
0.0 100.0
0.0 100.0
0.0 100.0
0.0 100.0
0.0 100.0
0.0 100.0
0.0 100.0
0.0 100.0
0.0 100.0
0.0 100.0
0.0 100.0
0.0 100.0
0.0 100.0
0.0 100.0
0.0 100.0
0.0 100.0
0.0 100.0
0.0 100.0
0.0 100.0
0.0 100.0
0.0 100.0
0.0 100.0
0.0 100.0
0.0 100.0
0.0 100.0
0.0 100.0
0.0 100.0
0.0 100.0
0.0 100.0
