100.0 0.0
100.0 0.0
100.0 0.0
100.0 0.0
100.0 0.0
100.0 0.0
100.0 0.0
100.0 0.0
100.0 0.0
100.0 0.0
100.0 0.0
100.0 0.0
100.0 0.0
100.0 0.0
100.0 0.0
100.0 0.0
99.95590828924162 0.0
99.91181657848324 0.0
99.8236331569665 0.0
99.64726631393297 0.0
99.25044091710758 0.0
98.58906525573192 0.0
97.35449735449735 0.0
95.32627865961199 0.0
92.15167548500882 0.0
87.83068783068784 0.0
82.27513227513228 0.0
75.9700176366843 0.0
68.82716049382717 0.0
60.62610229276896 0.0
53.483245149911816 0.0
46.64902998236332 0.0
40.476190476190474 0.0
33.2010582010582 0.0
28.26278659611993 0.0
23.941798941798943 0.0
19.88536155202822 0.0
16.358024691358025 0.0
13.71252204585538 0.0
11.948853615520282 0.0
10.405643738977073 0.0
8.421516754850089 0.05192107995846314
7.01058201058201 0.24229837313949462
5.555555555555555 0.778816199376947
4.497354497354498 2.4749048113534093
3.0423280423280423 6.5593631014191764
2.2045855379188715 16.476289373485635
1.1022927689594357 36.31014191761855
0.5731922398589065 63.94946348217376
0.1763668430335097 87.10626514364832
0.0 97.54240221529942
0.0 99.75770162686051
0.0 99.98269297334718
0.0 100.0
0.0 100.0
0.0 100.0
0.0 100.0
0.0 100.0
0.0 100.0
0.0 100.0
0.0 100.0
0.0 100.0
0.0 100.0
0.0 100.0
0.0 100.0
0.0 100.0
0.0 100.0
0.0 100.0
0.0 100.0
0.0 100.0
0.0 100.0
0.0 100.0
0.0 100.0
0.0 100.0
0.0 100.0
0.0 100.0
0.0 100.0
0.0 100.0
0.0 100.0
0.0 100.0
0.0 100.0
0.0 100.0
0.0 100.0
0.0 100.0
0.0 100.0
0.0 100.0
0.0 100.0
0.0 100.0
0.0 100.0
0.0 100.0
0.0 100.0
0.0 100.0
0.0 100.0
0.0 100.0
0.0 100.0
0.0 100.0
0.0 100.0
0.0 100.0
0.0 100.0
0.0 100.0
0.0 100.0
